GeneName	LP1	LP2	LP3	LP4
thrL	19	14	18	8
thrA	142	195	139	174
thrB	584	524	413	260
thrC	946	908	690	559
yaaX	33	32	24	20
yaaA	249	244	155	245
yaaJ	381	328	285	132
talB	9283	10175	7948	7105
mog	385	389	345	324
satP	80	76	61	73
yaaW	5	5	2	4
yaaI	3	0	3	4
dnaK	3693	4020	2902	3704
dnaJ	629	613	450	679
insL1	31	30	28	39
mokC	4	3	2	0
hokC	0	0	0	0
sokC	2	2	1	0
nhaA	608	570	436	651
nhaR	215	187	121	199
insB1	427	213	166	305
insA	41	38	29	32
rpsT	2303	1571	1213	2539
yaaY	11	14	16	18
ribF	891	769	619	881
ileS	2579	2802	2069	3244
lspA	305	266	216	367
fkpB	161	153	119	209
ispH	335	271	223	457
rihC	1785	1955	1751	1130
dapB	380	416	326	350
carA	66	71	49	148
carB	232	227	227	385
caiF	167	229	175	97
caiE	7	8	8	6
caiD	8	10	4	3
caiC	26	46	32	53
caiB	42	25	23	41
caiA	72	76	57	60
caiT	5	1	6	2
fixA	6	3	3	3
fixB	9	3	2	3
fixC	8	5	4	2
fixX	0	0	0	2
yaaU	2	4	1	5
kefF	10	23	23	17
kefC	67	100	63	68
folA	170	161	112	236
apaH	242	234	191	268
apaG	139	101	90	129
rsmA	706	634	510	858
pdxA	423	441	337	536
surA	1429	1612	1164	1938
lptD	2178	1981	1650	2440
djlA	297	246	195	297
yabP	90	85	35	120
rluA	96	88	87	136
rapA	432	431	369	1026
polB	204	188	137	180
araD	18	21	12	7
araA	69	71	52	36
araB	42	24	30	14
araC	163	182	133	75
yabI	105	81	39	79
thiQ	14	20	16	25
thiP	24	18	15	35
thiB	110	79	61	149
sgrR	132	123	76	109
sgrS	0	0	0	0
sgrT	0	0	0	0
setA	70	53	45	63
leuD	19	30	12	16
leuC	30	30	29	26
leuB	33	28	22	23
leuA	27	34	16	26
leuL	0	1	1	0
leuO	21	22	24	19
ilvI	57	45	35	40
ilvH	12	9	7	8
cra	2183	2068	1829	1183
mraZ	494	404	303	350
rsmH	593	522	409	473
ftsL	122	124	91	122
ftsI	392	326	306	368
murE	710	719	538	657
murF	466	496	407	438
mraY	339	384	280	338
murD	616	598	503	554
ftsW	320	275	220	316
murG	676	682	578	511
murC	1101	1071	856	1013
ddlB	713	720	553	571
ftsQ	499	459	379	396
ftsA	685	614	468	581
ftsZ	3097	3306	2571	2582
lpxC	5826	5499	4333	6209
secM	531	423	357	447
secA	2345	2692	1913	3278
mutT	42	30	32	58
yacG	49	35	39	55
zapD	203	174	139	253
coaE	140	124	87	109
guaC	439	395	282	501
hofC	9	12	10	22
hofB	32	31	35	26
ppdD	3	3	2	1
nadC	317	299	272	260
ampD	320	357	288	234
ampE	570	616	449	352
aroP	123	103	96	121
pdhR	785	636	502	1832
aceE	13287	13745	10990	25961
aceF	9699	9851	7846	16427
lpd	7666	8195	6288	11848
yacH	25	27	22	21
acnB	9442	10598	8147	10712
yacL	234	273	282	148
speD	490	516	359	849
speE	540	516	410	884
yacC	127	66	67	84
cueO	429	437	318	324
gcd	186	157	133	596
hpt	561	575	430	721
can	457	446	334	685
yadG	254	247	189	269
yadH	193	229	187	187
yadI	151	159	118	43
yadE	111	64	58	97
panD	370	285	269	310
yadD	21	17	18	11
panC	1116	1146	942	965
panB	1082	1072	902	843
yadC	4	2	7	9
yadK	1	1	1	1
yadL	7	1	0	1
yadM	2	1	1	3
htrE	2	3	1	4
yadV	2	1	1	2
yadN	0	0	0	2
folK	40	30	29	33
pcnB	980	772	600	1568
gluQ	84	69	47	74
dksA	2030	2018	1595	1602
sfsA	550	432	425	295
ligT	69	44	41	42
hrpB	345	326	263	338
mrcB	478	495	414	605
fhuA	147	163	133	276
fhuC	46	34	31	53
fhuD	23	16	17	27
fhuB	40	49	38	77
hemL	1077	974	857	1005
clcA	372	301	224	231
erpA	178	148	107	253
yadS	37	36	19	57
btuF	95	70	61	103
mtn	809	830	695	700
dgt	246	276	192	183
degP	541	662	465	627
cdaR	241	259	208	126
yaeH	1230	1508	1232	686
yaeI	78	72	60	46
dapD	1822	1931	1455	1286
glnD	253	221	216	264
map	844	866	665	1111
tff	54	59	53	90
rpsB	11551	11355	8815	17468
tsf	6777	6954	5110	8532
pyrH	567	547	395	1018
frr	2508	2532	1998	3005
dxr	203	215	179	301
ispU	713	530	417	792
cdsA	542	498	363	675
rseP	872	831	617	1088
bamA	2983	3268	2402	3789
skp	2406	2599	2006	2372
lpxD	2049	1951	1478	2370
fabZ	717	686	448	980
lpxA	1373	1313	953	1664
lpxB	569	479	389	665
rnhB	232	173	135	235
dnaE	962	806	609	1314
accA	1198	1070	794	1760
ldcC	270	344	230	261
yaeR	68	80	64	51
tilS	129	133	111	171
rof	165	178	164	116
yaeP	148	153	174	90
yaeQ	205	228	182	187
arfB	88	76	72	97
nlpE	241	215	160	175
yaeF	32	24	10	18
proS	1738	1728	1384	2522
tsaA	126	83	75	165
rcsF	237	165	134	195
metQ	345	394	303	285
metI	68	77	55	97
metN	80	52	42	122
gmhB	473	401	322	361
rrsH	37	88	20	25
ileV	1	0	0	0
alaV	4	0	1	6
rrlH	13	35	4	11
rrfH	0	0	0	0
aspU	0	1	0	1
dkgB	42	39	36	37
yafC	107	91	87	65
yafD	328	304	256	157
yafE	50	35	29	41
mltD	1933	1305	1116	2305
gloB	148	188	137	136
yafS	161	127	110	98
rnhA	138	100	76	149
dnaQ	267	229	174	295
aspV	5	2	3	2
yafT	21	12	7	31
ykfM	1	2	0	2
yafU	1	0	0	0
yafF	1	0	1	0
yafV	132	160	111	67
ivy	119	155	122	79
fadE	74	106	61	116
gmhA	766	837	635	714
yafJ	249	236	160	218
yafK	387	231	198	385
yafQ	93	49	40	97
dinJ	97	81	82	66
yafL	8	8	2	5
rayT	125	159	100	76
lfhA	27	21	13	14
lafU	8	3	6	2
dinB	73	55	57	55
yafN	13	15	7	13
yafO	7	2	5	5
yafP	8	7	7	4
ykfJ	2	1	0	0
prfH	5	2	2	3
pepD	4469	4811	3845	3514
gpt	448	264	237	635
frsA	393	381	318	316
crl	317	355	240	251
phoE	4	5	4	4
proB	592	562	378	539
proA	407	500	378	462
thrW	20	21	13	18
ykfN	6	9	7	10
ykfI	18	7	13	26
yafW	10	8	4	14
ykfH	0	2	2	1
ykfG	3	3	4	10
yafX	42	38	29	35
ykfF	11	11	11	6
ykfB	104	127	98	75
yafY	9	13	5	8
ykfL	5	2	2	2
ykfK	1	0	1	1
yafZ	5	7	4	6
ykfA	51	60	42	54
perR	28	19	12	16
insN	48	72	56	58
insI1	37	35	22	29
eyeA	15	20	25	23
ykfC	53	53	46	46
insH1	364	327	217	335
mmuP	23	15	13	13
mmuM	580	657	523	254
afuC	19	15	7	19
afuB	5	3	8	3
insX	19	24	10	7
yagB	18	15	13	16
yagA	1	1	2	0
yagE	152	142	131	80
yagF	260	257	213	151
yagG	19	18	16	21
yagH	41	53	34	26
yagI	65	47	35	66
argF	15	25	20	39
ykgS	1	0	4	0
yagJ	83	89	64	35
yagK	13	11	9	8
yagL	9	15	3	11
yagM	3	2	4	4
yagN	118	122	134	69
intF	90	61	50	63
ptwF	0	2	1	1
yagP	8	3	8	3
ykgT	0	0	0	0
paoD	10	6	4	14
paoC	13	15	15	17
paoB	4	8	3	2
paoA	2	1	4	1
yagU	227	252	142	135
ykgJ	12	1	4	6
ecpE	18	19	15	10
ecpD	35	40	19	21
ecpC	10	19	6	13
ecpB	3	1	1	4
ecpA	26	17	27	12
ecpR	1	1	0	0
ykgL	1	1	1	2
ykgO	0	0	0	0
ykgM	2	4	4	2
ykgR	2	2	3	0
ykgP	1	3	1	0
eaeH	0	1	1	1
insE1	1	0	2	3
insF1	75	31	30	53
ykgA	17	20	7	8
ykgQ	1	0	1	1
rclC	5	1	2	0
rclB	0	0	0	1
rclA	24	47	21	27
rclR	18	19	14	14
ykgE	1397	1597	1086	718
ykgF	1917	2023	1522	1168
ykgG	1009	985	812	581
ykgH	16	11	5	12
betA	169	207	103	272
betB	293	340	211	484
betI	141	175	124	287
betT	179	234	123	505
yahA	31	25	14	65
yahB	55	46	55	24
yahC	4	2	2	1
yahD	34	35	22	21
yahE	7	4	5	2
yahF	8	15	5	14
yahG	18	16	13	9
yahI	4	3	5	5
yahJ	72	75	66	80
yahK	102	117	79	96
yahL	0	0	0	2
yahM	5	8	4	4
yahN	80	97	94	27
yahO	130	167	112	82
prpR	6	6	6	5
prpB	8	4	10	6
prpC	8	2	5	1
prpD	3	3	2	4
prpE	9	7	12	5
codB	43	39	34	62
codA	173	195	148	269
cynR	29	16	18	36
cynT	9	7	7	6
cynS	8	3	10	8
cynX	14	12	8	8
lacA	8	6	1	4
lacY	8	12	4	14
lacZ	111	129	89	77
lacI	140	131	91	139
mhpR	59	96	44	99
mhpA	4	2	2	2
mhpB	0	2	1	0
mhpC	2	2	1	2
mhpD	3	3	0	5
mhpF	9	5	5	2
mhpE	4	10	12	5
mhpT	22	15	9	13
yaiL	193	212	143	201
frmB	124	131	91	141
frmA	362	391	320	402
frmR	72	80	69	64
yaiO	8	7	8	0
yaiX	3	0	1	2
insC1	10	5	5	9
insD1	19	19	13	16
yaiP	1	4	1	1
yaiS	1	0	1	0
tauA	0	1	3	0
tauB	0	4	1	1
tauC	2	1	0	2
tauD	9	7	8	11
hemB	746	729	588	772
yaiT	65	43	38	45
yaiV	9	4	3	2
ampH	182	140	128	112
sbmA	94	58	49	86
yaiW	99	79	67	77
yaiY	3	2	5	3
yaiZ	39	37	38	26
ddlA	647	625	446	553
iraP	152	157	122	84
phoA	109	83	73	94
psiF	35	32	21	18
yaiC	10	6	6	9
proC	352	322	252	332
yaiI	350	244	198	262
aroL	249	185	166	231
yaiA	64	48	42	42
aroM	64	45	41	77
yaiE	438	424	423	257
ykiA	15	11	2	28
rdgC	222	227	193	385
mak	173	212	146	119
araJ	52	32	21	34
sbcC	141	168	131	220
sbcD	144	118	78	144
phoB	50	50	32	39
phoR	36	33	36	38
brnQ	441	393	317	567
proY	239	240	159	337
malZ	103	106	98	94
acpH	40	32	29	50
queA	301	198	130	484
tgt	742	697	520	1249
yajC	1052	1031	692	1025
secD	1494	1399	1070	2415
secF	735	722	557	1062
yajD	169	166	140	119
tsx	2150	2253	1815	1589
yajI	55	47	33	32
nrdR	393	363	298	337
ribD	639	633	493	561
ribE	1086	660	515	943
nusB	765	493	453	839
thiL	196	127	139	244
pgpA	278	254	205	172
yajO	1207	1422	1146	820
dxs	1224	1143	908	1383
ispA	892	768	646	863
xseB	253	265	204	223
thiI	504	448	344	865
yajL	276	283	217	217
panE	286	319	257	237
yajQ	1234	1376	1043	1118
yajR	101	74	56	148
cyoE	1182	1316	854	2175
cyoD	325	397	243	823
cyoC	677	706	422	1730
cyoB	2843	3128	2155	7569
cyoA	1519	1548	1064	4387
ampG	380	252	225	442
yajG	571	429	319	695
bolA	599	596	595	286
tig	8009	8168	5986	12823
clpP	2504	2592	2013	1848
clpX	4273	4315	3223	3435
lon	2008	2179	1623	2253
hupB	3730	4012	3139	2255
ppiD	2320	2079	1608	2541
ybaV	46	63	46	31
fadM	15	18	11	15
queC	170	143	115	178
ybaE	182	186	161	69
cof	305	287	215	197
ybaO	52	51	46	69
mdlA	130	111	103	178
mdlB	97	83	58	107
glnK	1	1	0	3
amtB	38	30	19	29
tesB	192	185	156	176
ybaY	354	282	260	282
ybaZ	59	61	46	26
ffs	21	20	23	19
ybaA	12	9	8	12
ylaB	122	120	80	114
ylaC	215	184	138	312
maa	86	44	27	62
hha	124	78	45	136
tomB	84	80	43	65
acrB	1340	1469	1129	1977
acrA	449	388	313	736
acrR	115	95	83	108
mscK	419	404	312	545
ybaM	21	24	17	18
priC	141	85	74	74
ybaN	38	32	44	40
apt	423	196	163	495
dnaX	913	667	566	1108
ybaB	670	710	514	707
recR	822	738	572	986
htpG	1152	1276	899	1076
adk	1160	1159	819	1855
hemH	231	228	185	216
aes	128	170	127	88
gsk	403	281	230	454
ybaL	690	748	608	959
fsr	91	95	66	91
ushA	1282	1452	1079	735
ybaK	62	61	25	56
chiX	1	1	0	0
ybaP	125	113	85	75
ybaQ	53	52	30	23
copA	1678	1611	1475	1035
glsA	3	5	10	5
ybaT	19	24	15	16
cueR	107	99	91	73
ybbJ	209	212	211	143
qmcA	432	461	411	283
fetA	130	132	112	121
fetB	130	176	89	100
ybbN	547	589	455	508
ybbO	270	185	148	236
tesA	268	206	149	192
ybbA	79	61	50	65
ybbP	120	103	93	99
rhsD	55	37	44	39
ybbC	0	2	1	5
rhsH	0	1	0	1
ybbD	1	1	0	0
ylbI	1	0	1	0
ylbG	16	16	19	17
mnmH	117	89	77	82
allS	6	11	9	4
allA	10	10	9	5
allR	322	324	251	244
gcl	15	13	10	11
hyi	0	3	1	2
glxR	6	5	8	1
ybbW	4	3	0	1
allB	22	19	17	10
ybbY	7	8	3	13
glxK	9	11	4	11
allE	51	41	30	49
allC	25	24	13	26
allD	11	13	9	5
fdrA	2	0	3	3
ylbE	8	11	10	7
ylbF	1	1	2	3
ybcF	8	7	3	5
purK	89	99	88	234
purE	47	51	33	141
lpxH	211	135	128	246
ppiB	1291	1232	895	1372
cysS	569	529	410	831
ybcI	7	9	10	8
ybcJ	29	31	29	29
folD	704	675	585	843
sfmA	1	2	2	1
sfmC	0	1	1	1
sfmD	7	6	2	4
sfmH	0	0	0	3
sfmF	1	1	0	0
sfmZ	6	1	3	0
argU	0	0	0	2
intD	121	110	87	116
xisD	0	0	0	1
exoD	2	1	0	0
peaD	0	0	0	2
renD	4	0	4	3
emrE	23	27	16	24
ybcK	0	4	1	5
ybcL	16	7	15	11
ybcM	38	27	19	25
ylcH	0	0	1	0
ybcN	1	1	3	1
ninE	0	0	0	0
ybcO	0	0	0	0
rusA	0	1	1	0
ylcG	0	1	0	0
quuD	0	2	0	3
nmpC	2301	2468	1917	1562
essD	12	3	3	10
rrrD	11	6	3	11
rzpD	3	7	2	6
rzoD	0	0	0	0
borD	124	117	97	117
ybcV	7	6	0	2
ybcW	25	18	21	11
ylcI	12	10	7	7
nohD	4	2	5	3
aaaD	0	2	2	1
tfaD	2	0	0	1
ybcY	4	5	6	2
tfaX	0	1	0	1
appY	30	27	4	13
ompT	838	974	625	714
pauD	0	2	0	0
envY	4	4	5	3
ybcH	12	6	3	9
nfrA	69	71	48	72
nfrB	46	35	23	26
cusS	39	41	32	49
cusR	54	56	43	84
cusC	2	6	3	2
cusF	2	0	0	2
cusB	7	1	6	11
cusA	22	20	15	24
pheP	217	144	100	283
ybdG	246	283	165	276
nfsB	749	845	633	703
ybdF	100	103	63	56
ybdJ	24	10	17	25
ybdK	156	157	123	86
sokE	1	0	2	1
hokE	1	0	0	0
entD	6	2	3	20
fepA	18	25	14	251
fes	0	1	0	28
ybdZ	0	2	0	5
entF	33	27	24	289
fepE	0	2	0	6
fepC	6	5	5	26
fepG	4	5	4	24
fepD	4	3	3	11
entS	6	9	11	56
fepB	11	13	12	39
entC	4	8	6	176
entE	8	17	6	267
entB	8	6	6	185
entA	20	20	14	110
entH	8	8	7	73
cstA	4902	5445	4440	2395
ybdD	186	170	175	89
ybdH	81	78	64	39
ybdL	18	22	18	20
ybdM	25	14	7	10
ybdN	3	2	4	4
ybdO	4	2	2	9
dsbG	96	83	49	115
ahpC	12229	12576	9795	12543
ahpF	2299	2371	2023	2443
uspG	1680	2089	1777	987
ybdR	47	34	23	18
rnk	286	236	162	250
rna	307	300	218	278
citT	4	4	2	6
citG	6	3	4	2
citX	0	3	3	4
citF	20	15	11	12
citE	6	14	9	8
citD	2	4	3	0
citC	5	5	3	5
citA	47	44	36	35
citB	397	308	268	179
dcuC	7039	7554	6020	3389
pagP	41	35	16	22
cspE	1694	1502	1349	1577
flc	48	31	33	37
ybeM	53	47	38	41
tatE	98	64	59	65
lipA	1336	1229	955	1689
ybeF	18	12	13	22
lipB	179	108	96	166
ybeD	74	80	72	84
dacA	602	501	364	892
rlpA	392	384	318	482
mrdB	114	106	97	172
mrdA	269	181	152	380
rlmH	210	141	103	300
rsfS	279	236	187	381
cobC	36	21	24	36
nadD	113	77	73	136
holA	204	166	120	255
lptE	330	360	294	403
leuS	2267	2322	1833	3113
ybeL	1498	1704	1561	638
ybeQ	133	95	90	62
ybeR	2	1	2	0
djlB	5	3	2	4
ybeT	0	0	0	1
ybeU	4	1	0	2
djlC	16	12	16	13
hscC	156	107	83	131
rihA	2174	2331	1856	1300
gltL	156	154	116	151
gltK	69	79	67	88
gltJ	98	72	62	97
gltI	655	683	508	514
lnt	361	332	257	519
ybeX	744	782	558	865
ybeY	221	282	206	247
ybeZ	996	897	734	889
miaB	571	476	378	945
ubiF	597	591	525	402
glnX	24	27	33	26
glnV	66	28	29	58
metU	41	7	12	37
glnW	283	152	114	239
glnU	342	139	114	263
leuW	68	19	23	63
metT	9	2	3	11
asnB	235	287	209	202
umpH	735	702	556	564
nagC	1196	986	809	763
nagA	1523	1373	1079	829
nagB	2223	2341	1930	1238
nagE	9569	10118	7891	4935
glnS	1841	1941	1466	2345
chiP	109	66	64	54
chiQ	11	5	2	9
fur	1094	946	697	1453
uof	69	57	32	89
fldA	911	822	594	1242
ybfE	107	45	62	101
ybfF	123	126	98	113
seqA	867	824	631	838
pgm	2529	2739	2170	2282
ybfP	13	7	6	13
ybfG	4	3	0	3
ybfI	1	0	0	0
potE	17	12	11	8
speF	15	7	7	8
ybfK	1	0	0	0
kdpE	27	30	17	22
kdpD	110	102	103	98
kdpC	9	7	4	10
kdpB	14	15	5	13
kdpA	4	1	4	4
kdpF	0	0	0	0
ybfA	55	90	55	82
rhsC	72	57	48	63
ybfB	1	2	0	0
rhsO	4	0	2	2
ybfC	0	6	4	1
ybfQ	1	0	2	2
ybfL	3	2	4	4
ybfD	7	2	1	2
ybgA	66	73	49	56
phr	193	142	118	123
dtpD	34	30	24	43
ybgI	459	514	426	270
ybgJ	344	386	274	221
ybgK	388	458	370	263
ybgL	222	203	158	170
nei	129	127	88	107
abrB	264	284	264	100
ybgO	17	14	7	8
ybgP	4	0	1	1
ybgQ	6	2	1	6
ybgD	1	3	0	2
gltA	3642	4210	2948	3315
sdhC	343	433	261	821
sdhD	156	214	122	513
sdhA	1617	2139	1280	3874
sdhB	722	947	589	1432
sucA	2216	2393	1528	3528
sucB	3869	4236	3288	3982
sucC	2773	3114	2316	2833
sucD	1734	2014	1554	1770
mngR	55	61	56	54
mngA	1	2	0	4
mngB	79	72	46	49
cydA	19393	20687	15821	14439
cydB	11246	12554	10099	8288
cydX	138	140	114	109
ybgE	443	450	253	413
ybgC	177	102	68	180
tolQ	213	153	117	351
tolR	83	84	59	154
tolA	282	294	212	458
tolB	1020	1068	797	1468
pal	3222	3353	2752	3204
ybgF	950	876	737	1173
lysT	632	250	253	696
valT	512	238	170	590
lysW	273	154	123	361
valZ	142	77	55	148
lysY	175	88	62	239
lysZ	401	162	126	403
lysQ	17	14	10	22
nadA	95	78	59	53
pnuC	121	107	79	71
zitB	102	120	73	68
ybgS	53	49	46	57
aroG	1351	1388	1149	1104
gpmA	3324	3826	3005	2659
galM	1490	1563	1279	972
galK	947	1031	899	600
galT	509	516	442	328
galE	527	561	481	392
modF	147	160	107	148
modE	290	231	209	207
acrZ	45	41	30	34
modA	263	300	221	199
modB	81	62	49	64
modC	99	103	78	94
ybhA	124	109	87	135
pgl	851	985	794	601
ybhD	13	7	10	11
ybhH	0	1	0	0
ybhI	2	1	1	1
ybhJ	22	29	21	19
ybhC	265	198	188	417
ybhB	138	145	112	137
bioA	71	87	53	188
bioB	56	93	54	134
bioF	53	61	43	82
bioC	23	28	14	41
bioD	36	35	23	36
uvrB	616	603	541	532
ybhK	123	104	91	147
moaA	956	744	671	728
moaB	438	482	425	349
moaC	225	214	184	184
moaD	95	97	73	89
moaE	140	126	120	99
ybhL	1090	1063	890	548
ybhM	11	3	6	17
ybhN	8	6	3	5
clsB	28	26	18	18
ybhP	16	20	17	15
ybhQ	341	358	293	128
ybhR	226	193	194	140
ybhS	315	299	259	178
ybhF	1508	1454	1342	800
ybhG	1144	1192	968	570
ybiH	232	260	265	122
rhlE	763	625	467	1277
ybiA	307	319	236	151
dinG	639	577	493	487
ybiB	755	728	601	497
ybiC	261	313	228	223
ybiJ	54	35	19	51
ybiI	10	15	10	20
ybiX	18	18	21	73
fiu	27	24	16	524
mcbA	3	2	4	3
rlmF	123	110	66	155
ybiO	35	49	34	57
glnQ	380	470	312	556
glnP	287	369	239	430
glnH	1263	1372	946	1370
dps	3554	3978	3125	2387
rhtA	79	59	51	126
ompX	2807	2950	2515	3768
opgE	68	32	26	79
mntS	29	29	29	29
mntR	88	83	75	88
ybiR	76	41	42	101
ldtB	420	309	256	680
ybiT	616	533	439	958
ybiU	30	32	22	54
ybiV	66	54	43	106
ybiW	111	128	105	66
ybiY	24	15	13	6
fsaA	115	94	72	46
moeB	206	225	194	189
moeA	444	471	366	364
iaaA	193	201	157	103
gsiA	267	307	234	218
gsiB	179	189	176	146
gsiC	65	60	36	34
gsiD	31	32	27	33
yliE	24	17	11	31
yliF	6	6	11	9
rimO	239	168	134	456
bssR	690	848	848	211
yliI	57	53	37	34
gstB	180	208	156	159
dacC	593	651	501	415
deoR	181	150	133	169
ybjG	86	49	52	100
mdfA	119	76	65	199
ybjH	26	22	21	28
ybjI	150	153	110	136
ybjJ	84	64	57	96
rcdA	77	85	58	35
rybB	1	3	3	2
ybjL	377	315	228	405
ybjM	84	70	67	44
grxA	15	9	12	24
ybjC	62	64	62	68
nfsA	295	274	212	280
rimK	285	228	207	297
ybjN	475	430	367	382
potF	13	13	14	38
potG	9	11	6	9
potH	1	4	3	6
potI	8	12	9	4
ybjO	41	14	14	28
rlmC	48	28	26	94
artJ	45	55	32	90
artM	272	259	200	309
artQ	305	318	251	402
artI	569	622	521	603
artP	282	257	228	339
ybjP	258	303	243	163
ybjQ	233	256	195	140
amiD	350	379	323	234
ybjS	178	136	94	200
ybjT	174	181	170	172
ltaE	404	488	380	386
poxB	272	325	231	243
hcr	131	164	136	62
hcp	407	495	469	200
ybjE	41	37	31	90
aqpZ	38	43	25	36
ybjD	401	410	346	227
ybjX	277	220	193	403
macA	210	182	124	146
macB	179	147	126	126
cspD	2148	2347	2361	862
clpS	148	151	141	90
clpA	10668	11377	8788	5953
serW	5	5	1	4
infA	982	622	522	1242
aat	115	86	67	89
cydC	311	356	258	299
cydD	202	166	147	219
trxB	484	454	390	797
lrp	985	1015	656	776
ftsK	1806	1741	1383	1899
lolA	465	478	389	452
rarA	430	284	246	455
serS	6081	6512	5263	4359
dmsA	7529	8409	6415	4306
dmsB	1723	2022	1498	1027
dmsC	2283	2621	2243	1257
ycaC	141	170	135	76
ycaD	70	32	33	79
ycaM	110	113	62	87
ycaN	21	9	8	19
ycaK	5	6	1	9
pflA	597	585	374	589
pflB	51172	57146	43754	45446
focA	1662	1145	822	1317
ycaO	484	455	339	1068
ycaP	30	42	20	31
serC	527	555	429	575
aroA	143	125	83	232
ycaL	13	12	14	12
cmk	567	376	316	828
rpsA	15586	15141	11228	32453
ihfB	521	458	362	443
ycaI	55	32	37	34
msbA	730	607	531	1113
lpxK	288	271	216	385
ycaQ	44	36	29	65
ycaR	20	18	16	25
kdsB	577	499	423	528
ycbJ	2935	3318	2908	857
elyC	272	233	184	111
smtA	399	373	264	341
mukF	224	170	152	275
mukE	179	193	145	233
mukB	1782	1835	1451	1964
ldtD	880	824	687	551
ycbK	651	608	435	538
ycbL	653	648	502	709
aspC	1309	1270	960	1484
ompF	16865	19171	14070	13489
asnS	1714	1582	1262	2348
pncB	595	466	372	808
pepN	1254	1496	1066	1235
ssuB	13	10	7	2
ssuC	2	4	1	2
ssuD	9	9	5	5
ssuA	1	5	2	2
ssuE	5	5	2	2
elfA	7	8	5	11
elfD	3	1	0	3
elfC	12	14	4	16
elfG	12	13	13	13
ycbU	2	2	3	4
ycbV	7	3	1	7
ycbF	16	19	16	14
pyrD	230	189	115	314
zapC	163	145	107	137
ycbX	247	235	142	241
rlmL	518	471	422	981
uup	393	412	328	769
pqiA	102	89	59	173
pqiB	187	198	113	286
pqiC	63	58	50	101
rmf	219	223	255	140
fabA	1759	1384	1177	2155
ycbZ	977	903	727	1329
matP	145	170	125	90
ompA	44377	47610	38545	45414
sulA	186	202	129	162
sxy	63	71	63	50
yccS	236	179	171	313
yccF	84	73	60	134
helD	380	366	362	331
mgsA	2201	2443	1987	1191
yccT	16	12	14	12
yccU	239	296	240	166
hspQ	218	201	155	179
rlmI	227	220	153	467
yccX	23	33	28	23
tusE	70	48	36	80
yccA	1351	1376	993	1395
serT	11	5	4	4
hyaA	5	5	13	5
hyaB	14	16	10	13
hyaC	3	2	4	6
hyaD	8	11	11	7
hyaE	3	3	5	2
hyaF	9	14	10	6
cbdA	20	15	18	18
cbdB	24	24	22	17
cbdX	2	1	0	0
appA	32	38	17	31
etk	70	69	46	49
etp	9	4	0	3
gfcE	7	4	4	8
gfcD	22	20	6	20
gfcC	3	2	2	5
gfcB	1	2	1	2
gfcA	15	20	8	16
cspH	10	0	6	12
cspG	364	199	164	534
ymcE	6	7	2	9
gnsA	8	6	7	4
yccM	264	389	334	75
torS	74	77	58	54
torT	62	49	50	27
torR	48	44	27	25
torC	2	3	1	0
torA	22	18	19	14
torD	27	23	15	12
cbpM	154	154	116	82
cbpA	669	786	567	402
yccE	6	10	4	10
agp	6872	8039	6914	3934
yccJ	469	506	465	252
wrbA	2355	2692	2212	1301
ymdF	16	20	19	13
rutG	34	19	17	14
rutF	3	3	0	4
rutE	3	1	0	6
rutD	0	0	3	0
rutC	2	0	2	0
rutB	3	4	4	3
rutA	2	1	2	1
rutR	62	46	42	55
putA	404	923	287	376
putP	174	297	107	241
efeU	10	12	9	29
efeO	10	12	7	71
efeB	7	19	15	68
phoH	19	31	15	25
pgaD	51	56	37	78
pgaC	165	228	163	227
pgaB	316	373	280	365
pgaA	1563	1511	1091	1333
ycdT	208	141	91	170
ymdE	0	0	0	0
ycdU	3	0	3	4
serX	0	1	0	0
ghrA	467	510	432	330
ycdX	403	335	281	332
ycdY	282	277	208	317
ycdZ	110	110	84	136
csgG	9	7	8	8
csgF	0	2	0	1
csgE	1	0	0	0
csgD	5	5	5	7
csgB	1	0	0	2
csgA	5	7	3	4
csgC	0	1	1	1
ymdA	2	0	0	0
ymdB	79	90	82	58
clsC	84	102	76	95
opgC	54	37	32	106
opgG	1263	1205	933	1384
opgH	1324	1499	1161	1749
yceK	21	25	20	28
msyB	70	66	51	64
mdtG	96	48	40	60
lpxL	412	368	295	408
yceA	88	50	46	292
yceI	45	34	24	31
yceJ	6	6	4	7
yceO	0	0	0	0
solA	281	290	219	252
bssS	319	345	320	187
dinI	22	25	22	29
pyrC	227	188	168	445
yceB	249	251	167	242
grxB	826	890	655	504
mdtH	55	33	38	32
rimJ	450	490	389	287
yceH	401	424	324	264
yceM	387	400	342	234
murJ	158	131	100	243
flgN	9	12	14	5
flgM	19	13	13	17
flgA	8	8	10	9
flgB	15	18	10	8
flgC	13	15	6	6
flgD	24	26	18	19
flgE	59	54	42	48
flgF	31	31	17	29
flgG	39	48	29	25
flgH	12	11	14	10
flgI	19	16	6	15
flgJ	8	7	14	15
flgK	27	15	15	28
flgL	26	32	26	21
rne	5445	5403	4171	5077
yceQ	329	269	253	233
rluC	360	288	220	534
yceF	182	186	136	117
psrD	5	5	7	13
yceD	3505	2849	2232	5903
rpmF	2387	2206	1923	3091
plsX	1117	1150	806	1748
fabH	1540	1535	1303	2385
fabD	1952	2036	1554	2663
fabG	5554	5522	4394	5549
acpP	7695	7939	5848	6647
fabF	4233	4257	3081	5953
pabC	64	65	27	52
yceG	77	58	57	111
tmk	179	147	108	179
holB	183	159	135	214
ycfH	173	168	119	196
ptsG	549	594	457	688
fhuE	20	21	13	57
hinT	420	516	435	351
ycfL	280	271	247	244
lpoB	577	581	477	410
thiK	123	139	92	132
nagZ	323	400	244	312
ycfP	1660	1809	1465	1046
ndh	1298	1097	969	2294
ycfJ	29	39	28	51
ycfQ	63	65	66	54
bhsA	13	12	8	18
ldtC	57	48	36	70
mfd	738	784	594	803
ycfT	3	6	0	3
lolC	418	340	240	542
lolD	210	223	174	301
lolE	321	331	260	420
nagK	482	495	385	458
cobB	351	390	298	385
ycfZ	7	5	4	16
ymfA	5	7	5	10
potD	795	844	685	955
potC	72	90	65	170
potB	71	78	49	162
potA	341	242	190	633
pepT	2169	2490	1790	1230
roxA	954	1043	782	965
phoQ	362	341	259	303
phoP	355	340	293	266
purB	367	348	293	824
hflD	170	176	133	259
mnmA	1027	755	555	1373
nudJ	110	93	68	104
rluE	137	102	75	150
icd	8055	9113	7028	7889
ymfD	69	68	24	76
ymfE	74	77	37	62
lit	64	81	37	106
intE	7	8	9	7
xisE	0	5	1	1
ymfI	58	39	29	32
ymfJ	7	6	5	5
cohE	92	64	52	77
croE	2	0	0	2
ymfL	6	2	0	1
ymfM	1	0	0	1
oweE	2	0	0	1
aaaE	3	1	0	4
ymfR	0	0	0	0
beeE	0	1	1	2
jayE	3	1	1	1
ymfQ	2	0	0	0
stfP	0	1	0	1
tfaP	1	0	0	0
tfaE	2	1	1	1
stfE	1	0	1	0
pinE	1	0	0	2
mcrA	6	13	7	9
icdC	1	1	0	0
iraM	0	1	0	1
ycgX	10	3	2	6
bluR	211	196	152	216
bluF	49	56	38	173
ycgZ	0	0	0	1
ymgA	1	1	0	1
ariR	0	0	0	0
ymgC	0	1	0	1
ycgG	5	3	3	2
ymgF	6	8	6	2
ycgH	18	13	9	16
ymgD	8	7	9	6
ymgG	8	10	4	10
ymgI	0	0	0	0
ymgJ	0	0	1	0
ycgI	0	2	0	1
minE	419	482	341	315
minD	2609	2813	1964	1984
minC	909	853	638	621
ycgJ	48	43	45	46
pliG	71	76	77	42
ycgL	84	66	64	75
ycgM	210	175	163	158
ycgN	30	40	31	55
hlyE	39	33	17	18
umuD	10	7	3	7
umuC	20	10	8	12
dsbB	304	240	165	281
nhaB	521	532	382	666
fadR	696	708	535	677
ycgB	244	236	178	124
dadA	351	453	295	563
dadX	191	291	146	331
cvrA	385	361	251	299
ldcA	128	122	103	117
emtA	88	87	50	105
ycgR	7	8	1	5
ymgE	6	10	9	3
ycgY	1	2	4	3
treA	160	160	137	102
dhaM	340	378	293	235
dhaL	187	188	165	97
dhaK	324	409	271	228
dhaR	66	76	54	56
ycgV	57	45	35	47
ychF	758	586	477	1266
pth	155	111	75	191
ychH	981	1318	1278	257
dauA	237	203	172	306
prs	1691	1646	1234	2901
ispE	749	746	625	787
lolB	363	312	263	323
hemA	612	412	309	595
prfA	400	398	288	634
prmC	120	148	93	233
ychQ	25	27	17	47
ychA	409	288	218	400
kdsA	966	1081	794	1067
ldrA	52	55	29	60
rdlA	5	4	1	7
ldrB	0	2	2	2
rdlB	3	2	0	0
ldrC	1	0	2	2
rdlC	8	6	1	8
chaA	150	93	86	218
chaB	22	37	30	18
chaC	49	38	34	37
ychN	494	555	500	321
ychO	56	38	29	29
narL	806	840	729	517
narX	412	375	314	276
narK	5096	5812	4134	2281
narG	15735	16199	12336	7733
narH	8940	8827	6690	5067
narJ	3123	3073	2519	2226
narI	3344	3632	2841	2253
rttR	3	1	2	2
tpr	0	0	0	0
tyrV	47	19	6	35
tyrT	92	43	29	80
purU	353	281	210	452
ychJ	212	192	145	264
rssA	1065	911	622	592
rssB	469	363	297	342
galU	1451	1617	1181	1433
hns	6391	7105	5327	6911
tdk	51	64	46	114
insZ	24	17	15	29
adhE	11215	12377	9453	7714
ychE	80	53	38	77
oppA	8557	8292	5962	8631
oppB	1240	1290	968	1337
oppC	1427	1458	1182	1677
oppD	1789	1857	1359	2311
oppF	1525	1685	1306	1973
yciU	81	62	47	100
clsA	500	450	373	389
yciY	28	21	38	26
kch	103	98	65	75
yciI	213	187	197	100
tonB	48	29	27	51
yciA	49	56	30	79
yciB	185	187	117	211
yciC	266	204	158	284
ompW	945	989	724	630
yciE	42	26	14	16
yciF	2	1	0	2
yciG	0	0	0	1
trpA	150	183	121	160
trpB	203	229	167	190
trpC	93	79	54	102
trpD	17	26	16	10
trpE	7	8	3	10
trpL	0	0	1	1
yciV	237	252	183	257
yciO	418	451	312	404
yciQ	54	53	38	65
rluB	459	358	308	998
btuR	61	60	41	60
yciK	124	122	104	93
sohB	400	463	366	436
yciN	256	296	256	200
topA	1605	1726	1200	2784
cysB	630	594	423	590
ymiA	25	17	12	14
yciX	131	88	60	58
acnA	1136	1255	972	1020
ribA	446	455	354	423
pgpB	158	166	127	152
yciS	280	238	190	180
yciM	409	257	213	278
pyrF	169	135	116	315
yciH	23	26	13	40
osmB	30	30	29	21
yciT	297	293	188	232
yciZ	24	15	25	16
gmr	72	63	52	83
ymiB	1	0	1	0
rnb	562	539	395	1099
yciW	22	22	16	32
fabI	2364	2317	1898	2994
ycjD	50	45	38	34
sapF	92	66	72	102
sapD	163	154	123	159
sapC	61	56	61	66
sapB	77	75	52	87
sapA	265	238	205	277
ymjA	72	45	28	73
puuP	22	25	10	11
puuA	28	73	27	49
puuD	11	21	7	18
puuR	45	45	30	36
puuC	10	16	8	13
puuB	4	10	3	3
puuE	8	14	7	7
pspF	85	90	87	67
pspA	175	190	143	153
pspB	10	20	2	11
pspC	24	19	24	23
pspD	12	13	2	5
pspE	1677	1805	1586	915
ycjM	17	24	14	5
ycjN	9	17	7	10
ycjO	5	2	8	9
ycjP	6	4	6	2
ycjQ	13	12	7	15
ycjR	6	11	11	7
ycjS	14	10	9	9
ycjT	17	14	11	13
ycjU	1	1	1	2
ycjV	3	3	2	0
ompG	3	2	0	2
ycjW	50	41	28	47
ycjX	159	143	100	100
ycjF	76	73	57	69
tyrR	1379	1400	1073	861
tpx	2789	2865	2302	2453
ycjG	319	295	255	237
mpaA	212	197	160	130
ymjC	5	3	2	1
ymjD	0	0	0	0
ycjY	24	29	17	19
pgrR	43	31	22	41
mppA	603	618	422	557
ynaI	68	58	30	78
ynaJ	137	139	110	164
uspE	6671	7789	6266	3389
fnr	1040	853	674	1698
ogt	104	71	62	67
abgT	14	9	11	11
abgB	17	9	8	5
abgA	8	8	5	3
abgR	89	102	72	43
mcaS	3	1	2	4
smrA	55	35	34	49
ydaM	101	98	67	64
ydaN	151	147	126	108
fnrS	9	10	16	7
dbpA	100	100	67	171
ttcA	210	182	139	377
intR	17	10	8	10
ydaQ	0	0	0	1
ydaC	0	0	0	0
ralA	0	0	0	0
ralR	0	0	0	1
recT	2	8	6	7
recE	16	12	5	9
racC	1	2	0	0
ydaE	0	1	0	0
kilR	0	0	0	0
sieB	4	5	3	0
ydaF	1	1	0	0
ydaG	1	0	0	0
racR	170	185	108	124
ydaS	4	3	2	4
ydaT	2	2	2	2
ydaU	5	5	0	2
ydaV	7	6	1	1
ydaW	2	0	2	2
rzpR	3	1	0	3
rzoR	0	0	0	0
trkG	58	35	20	66
ynaK	0	2	1	1
ydaY	1	0	1	2
tmpR	2	4	2	4
lomR	2	3	0	2
stfR	26	15	5	7
tfaR	0	0	0	0
pinR	1	1	0	2
ynaE	8	0	1	8
ttcC	11	14	9	6
uspF	1093	1247	1045	503
ompN	3	1	0	5
micC	0	0	0	2
pfo	1263	1330	1054	2009
ydbJ	211	226	170	114
hslJ	109	79	53	77
ldhA	41	55	37	51
ydbH	160	158	117	144
ynbE	7	3	1	9
ydbL	40	15	18	33
feaR	32	32	25	35
feaB	44	33	37	32
tynA	16	7	13	12
paaZ	9	3	1	4
paaA	5	1	1	1
paaB	0	1	0	3
paaC	3	4	3	1
paaD	1	2	3	0
paaE	8	5	3	2
paaF	1	2	1	4
paaG	0	2	0	1
paaH	10	3	2	3
paaI	3	2	4	1
paaJ	63	73	63	55
paaK	32	50	29	60
paaX	128	100	91	102
paaY	66	64	52	50
ynbG	0	0	0	1
ydbA	143	131	116	168
ydbC	341	384	337	197
ydbD	34	21	13	19
ynbA	1	1	0	1
ynbB	1	0	0	3
ynbC	22	12	4	7
ynbD	16	20	28	15
azoR	107	121	77	76
hrpA	1089	1081	847	1062
ydcF	100	66	67	68
aldA	469	865	391	792
gapC	1215	1101	799	1004
cybB	177	183	153	179
rydC	10	9	1	9
ydcA	68	68	49	73
hokB	15	19	9	8
mokB	1	6	3	1
sokB	2	1	1	3
trg	25	13	9	20
ydcI	84	120	69	232
ydcJ	141	144	96	58
opgD	350	368	271	378
ydcH	550	553	550	211
rimL	172	156	106	81
ydcK	35	35	21	14
tehA	90	75	69	78
tehB	226	229	168	210
ydcL	204	183	153	161
insP	17	16	8	11
insQ	160	173	126	110
ydcO	58	76	47	43
ydcN	34	28	26	19
ydcP	219	186	162	311
yncJ	1	3	2	4
hicA	3	7	6	5
hicB	26	34	17	27
ydcR	68	69	52	85
ydcS	183	240	194	94
ydcT	78	90	84	47
ydcU	33	45	34	22
ydcV	22	31	11	17
patD	83	67	55	54
yncL	5	2	8	1
ydcX	11	6	5	10
ydcY	88	88	84	64
ydcZ	36	32	18	29
mnaT	80	73	61	45
curA	203	224	149	162
mcbR	23	13	9	18
yncD	53	39	34	197
yncE	64	70	56	338
ansP	57	57	29	86
yncG	8	4	9	3
yncH	0	0	0	0
rhsE	5	1	5	3
ydcD	5	1	0	4
yncI	4	3	2	3
ydcC	1	0	1	1
pptA	13	22	10	11
yddH	18	18	11	8
nhoA	22	13	9	21
yddE	127	147	121	119
narV	10	6	9	6
narW	3	5	8	6
narY	21	27	23	17
narZ	58	68	45	53
narU	17	11	8	15
yddK	0	2	0	1
yddL	0	0	0	0
yddG	95	90	60	56
fdnG	1129	1169	890	1108
fdnH	456	472	378	386
fdnI	302	278	195	288
yddM	101	115	80	69
adhP	118	117	80	98
maeA	1263	1405	1081	1285
sra	129	131	105	78
bdm	0	0	0	0
osmC	372	455	364	201
ddpF	22	21	10	14
ddpD	8	9	3	7
ddpC	16	6	8	9
ddpB	1	6	1	1
ddpA	12	12	6	12
ddpX	4	3	5	8
dosP	13	11	6	9
dosC	4	9	7	6
yddW	92	95	59	80
gadC	30	26	12	13
gadB	11	11	13	7
pqqL	14	18	17	55
yddB	4	8	3	12
yddA	1	0	1	4
ydeM	234	172	109	129
ydeN	2040	2380	1740	1266
ydeO	0	2	0	0
safA	0	0	0	0
ydeP	12	28	11	16
ydeQ	1	3	1	1
ydeR	0	0	0	0
ydeS	0	0	0	0
ydeT	0	0	1	3
yneL	0	0	0	0
hipA	52	56	41	37
hipB	9	12	5	17
yneO	22	20	17	21
lsrK	46	46	42	31
lsrR	51	56	47	21
lsrA	25	30	29	10
lsrC	19	18	11	3
lsrD	18	12	7	10
lsrB	21	34	25	14
lsrF	34	34	28	27
lsrG	7	12	12	7
tam	62	40	33	46
yneE	25	16	14	35
uxaB	183	241	151	116
yneF	51	56	44	25
yneG	35	35	36	38
glsB	113	81	75	142
sad	44	55	38	43
yneJ	25	33	28	16
yneK	1	1	1	1
ydeA	40	25	24	52
marC	113	109	97	90
marR	46	38	36	65
marA	41	33	31	54
marB	7	6	8	11
eamA	38	40	20	46
ydeE	40	25	22	46
yneM	15	17	20	14
mgrR	4	0	1	6
dgcZ	49	58	44	66
ydeI	5	6	6	2
ydeJ	4	3	3	3
dcp	379	409	315	316
ydfG	1386	1627	1226	771
rspR	360	250	245	292
ydfZ	24	30	23	9
ydfI	13	5	5	7
ydfJ	3	1	5	3
ydfK	6	4	2	8
pinQ	1	0	0	0
tfaQ	0	0	0	0
stfQ	0	0	4	4
nohQ	0	0	1	4
ynfO	2	1	2	1
ydfO	1	3	1	5
gnsB	38	23	20	25
ynfN	0	1	0	0
cspI	30	12	4	15
rzpQ	1	0	0	2
rzoQ	0	0	0	0
rrrQ	1	0	0	0
ydfR	1	2	1	1
essQ	0	2	0	2
cspB	431	305	224	523
cspF	67	28	12	65
quuQ	7	6	4	3
ydfU	5	5	6	4
rem	4	1	1	1
hokD	43	40	36	26
relE	85	123	88	78
relB	39	39	30	20
ydfV	0	2	3	7
flxA	6	8	8	6
intK	4	2	0	0
ydfX	1	1	0	1
dicC	0	0	0	0
dicA	150	102	90	102
ydfA	0	1	1	2
ydfB	2	2	2	0
ydfC	3	5	5	1
dicF	2	1	1	1
dicB	0	0	0	0
ydfD	0	0	0	0
ydfE	2	2	0	1
intQ	7	7	3	4
rspB	8	4	2	2
rspA	10	10	6	3
ynfA	11	14	15	11
ynfB	197	156	127	121
speG	263	243	180	227
ynfC	55	54	40	44
ynfD	117	130	112	64
ynfE	457	591	432	272
ynfF	472	589	433	477
ynfG	107	158	109	113
ynfH	190	235	162	175
dmsD	163	152	105	152
clcB	57	20	24	37
ynfK	789	707	568	267
mlc	195	219	156	96
ynfL	29	28	20	18
ynfM	118	88	95	78
asr	10	4	7	3
ydgU	0	0	1	0
ydgD	161	157	126	88
mdtI	25	24	13	21
mdtJ	37	35	15	60
tqsA	72	84	60	24
pntB	941	1151	792	736
pntA	1224	1491	1036	1041
ydgH	416	427	279	428
ydgI	82	59	43	186
folM	51	57	40	87
ydgC	34	27	15	23
rstA	79	60	47	80
rstB	74	65	53	62
tus	48	49	47	41
fumC	239	278	217	387
fumA	1694	2113	1397	1661
manA	1531	1572	1248	1121
ydgA	1762	1873	1411	1493
uidC	2	0	3	2
uidB	8	9	1	6
uidA	34	35	28	30
uidR	476	456	395	238
hdhA	162	164	123	110
malI	115	106	85	63
malX	144	162	119	96
malY	289	304	245	217
add	891	862	623	634
ydgJ	258	251	226	250
blr	120	78	63	45
cnu	53	30	11	34
ydgK	122	87	59	132
rsxA	96	58	20	134
rsxB	63	44	40	131
rsxC	122	145	107	319
rsxD	36	46	46	116
rsxG	48	38	40	76
rsxE	54	34	32	61
nth	59	52	50	115
dtpA	830	899	644	1365
gstA	511	602	502	314
pdxY	260	226	163	293
tyrS	1068	995	784	1252
pdxH	261	231	199	257
mliC	24	27	22	21
anmK	224	248	205	165
slyB	1918	2097	1742	1475
slyA	547	569	489	451
ydhI	27	19	15	20
ydhJ	49	45	21	38
ydhK	55	45	35	49
sodC	242	235	188	139
ydhF	1587	1681	1461	758
ydhL	13	12	13	6
nemR	32	25	23	33
nemA	151	187	127	196
gloA	409	408	323	342
rnt	153	120	103	279
lhr	206	180	165	190
grxD	751	718	640	681
mepH	211	152	86	120
sodB	4605	4489	3651	3827
ydhP	67	43	52	94
ynhF	25	13	17	20
purR	352	331	274	625
ydhB	45	44	42	39
ydhC	152	160	118	155
cfa	733	722	516	521
ribC	408	430	295	312
mdtK	244	187	153	290
ydhQ	618	646	442	481
valV	0	0	0	0
valW	1	3	1	6
ydhR	174	150	162	84
ydhS	69	75	58	48
ydhT	42	48	32	33
ydhU	53	47	33	41
ydhX	69	67	59	59
ydhW	141	171	133	130
ydhV	1024	1242	885	682
ydhY	662	823	537	268
ydhZ	32	41	23	23
pykF	3601	3612	2872	3827
lpp	26763	29034	27266	18099
ldtE	559	676	518	334
sufE	29	41	22	33
sufS	124	125	92	146
sufD	106	103	85	170
sufC	57	66	62	87
sufB	126	149	94	202
sufA	30	20	24	44
rydB	2	2	1	1
ydiH	23	24	24	37
menI	58	65	59	41
ydiJ	390	416	370	347
ydiK	228	192	157	195
rprA	0	1	0	0
ydiL	7	4	11	0
ydiM	6	3	2	6
ydiN	6	0	0	1
ydiB	8	4	0	3
aroD	69	80	74	61
ydiF	0	2	0	2
ydiO	6	6	2	1
ydiP	29	17	11	21
ydiQ	4	2	4	3
ydiR	9	10	7	11
ydiS	6	2	1	4
ydiT	1	1	0	0
fadK	6	10	4	11
ppsA	3127	3434	2655	3653
ppsR	297	320	269	261
aroH	182	136	123	223
ydiE	12	10	6	16
ydiU	281	284	231	432
ydiV	226	164	114	153
nlpC	149	160	125	116
btuD	162	136	144	153
btuE	235	204	169	179
btuC	185	129	123	145
ihfA	1705	1701	1457	1246
pheT	2255	2442	1897	3520
pheS	713	718	565	1355
pheM	6	3	5	9
rplT	5829	6345	4708	8104
rpmI	3420	3588	2602	5137
infC	8404	8622	6196	10728
thrS	13503	14837	11054	12211
arpB	4	4	2	5
yniD	1	0	1	0
ydiY	45	58	36	90
pfkB	599	631	525	392
ydiZ	88	81	57	47
yniA	1311	1574	1366	518
yniB	158	175	117	172
yniC	205	210	154	238
ydjM	16	10	10	15
ydjN	201	149	173	158
ydjO	1	1	0	2
cedA	20	12	9	13
katE	54	78	41	66
chbG	82	86	82	68
chbF	59	82	46	57
chbR	113	132	77	91
chbA	83	93	71	55
chbC	230	201	152	151
chbB	405	504	294	194
osmE	831	1015	833	487
nadE	662	681	478	457
cho	54	45	29	55
ves	6	11	3	5
spy	61	54	41	44
astE	3	6	2	3
astB	9	19	9	14
astD	13	30	13	15
astA	6	16	9	14
astC	12	39	8	28
xthA	169	147	101	215
ydjX	16	16	12	9
ydjY	20	17	13	13
ydjZ	11	18	9	14
ynjA	22	17	15	32
ynjB	41	54	33	47
ynjC	20	19	12	26
ynjD	12	8	9	18
ynjE	161	139	104	72
ynjF	60	50	43	46
nudG	23	20	16	21
ynjH	13	8	8	4
gdhA	297	291	195	286
ynjI	36	26	23	45
topB	1715	1755	1315	1479
selD	2373	2567	2018	1555
ydjA	954	1104	895	670
sppA	519	541	365	613
ansA	172	151	137	249
pncA	92	83	67	119
ydjE	11	10	4	6
ydjF	79	111	59	54
ydjG	24	19	10	14
ydjH	11	10	7	12
ydjI	8	3	5	8
ydjJ	5	8	4	8
ydjK	7	4	7	4
ydjL	22	20	20	18
yeaC	209	223	175	161
msrB	459	514	306	335
gapA	34282	37533	30237	25809
yeaD	501	475	404	359
yeaE	335	329	257	212
mipA	683	715	473	1108
yeaG	778	825	597	396
yeaH	243	210	157	128
yeaI	23	15	7	8
yeaJ	58	29	37	84
yeaK	177	188	126	137
yoaI	8	7	2	16
yeaL	46	41	27	50
yeaM	26	32	14	18
yeaN	39	34	32	53
yeaO	134	189	157	80
yoaF	32	35	24	29
yeaP	282	192	153	264
yoaK	2	1	0	2
yoaJ	0	0	0	1
yeaQ	83	55	59	48
yoaG	0	2	1	4
yeaR	4	7	4	6
leuE	86	58	38	90
dmlR	295	295	250	130
dmlA	108	148	115	59
yeaV	7	3	6	7
yeaW	12	11	11	7
yeaX	9	9	4	4
rnd	211	179	143	304
fadD	161	193	114	326
yeaY	179	187	159	265
tsaB	228	167	143	371
yoaA	190	153	133	254
yoaB	246	277	206	228
yoaC	53	53	46	48
yoaH	42	39	27	46
pabB	70	59	48	108
nudL	43	39	44	56
sdaA	1279	1084	859	1241
yoaD	17	16	8	13
yoaE	540	571	463	445
manX	2976	3564	2714	1992
manY	2267	2586	2036	1584
manZ	2697	2926	2362	1847
yobD	107	68	44	70
mntP	111	45	39	95
rlmA	151	105	98	238
cspC	2805	3002	2383	1820
yobF	711	757	522	466
yebO	85	61	44	89
mgrB	26	25	15	22
yobH	27	12	15	19
kdgR	297	276	219	258
yebQ	32	19	18	49
htpX	698	749	642	681
prc	1305	1393	1004	2080
proQ	1166	1167	840	1977
msrC	459	423	301	416
yebS	137	106	78	95
yebT	282	283	227	279
rsmF	151	110	107	251
yebV	24	16	21	16
yebW	9	3	8	1
pphA	13	10	6	11
ryeA	7	9	5	1
sdsR	0	0	0	0
yebY	188	180	130	182
yebZ	432	427	266	353
yobA	227	243	197	214
holE	51	30	27	51
yobB	105	113	82	65
exoX	154	158	112	127
ptrB	171	194	113	159
yebE	209	250	237	125
yebF	199	182	150	166
yebG	244	235	199	174
purT	40	24	25	71
eda	773	850	666	603
edd	475	500	423	303
zwf	1461	1577	1179	1337
yebK	328	311	253	199
pykA	4337	4643	3470	3284
lpxM	350	302	247	380
mepM	568	513	417	623
znuA	488	436	367	468
znuC	254	180	140	167
znuB	234	173	144	156
ruvB	277	271	227	264
ruvA	195	217	144	223
yobI	1	0	0	0
yebB	4	1	3	5
ruvC	355	330	258	517
yebC	826	878	622	1060
nudB	370	355	284	500
aspS	2501	2472	1863	2913
yecD	148	145	114	115
yecE	61	46	33	70
yecN	168	159	103	128
cmoA	117	84	62	182
cmoB	127	119	95	193
torZ	54	41	39	50
torY	4	3	3	3
cutC	199	188	141	140
yecM	88	96	51	107
argS	592	582	421	1096
yecT	5	4	1	6
flhE	0	0	1	1
flhA	30	19	18	12
flhB	4	2	4	6
cheZ	9	12	11	13
cheY	9	6	5	8
cheB	4	5	2	3
cheR	4	3	5	5
tap	10	5	8	7
tar	18	15	15	14
cheW	9	5	10	5
cheA	15	16	7	14
motB	6	9	8	3
motA	9	5	5	3
flhC	46	48	28	32
flhD	71	51	31	59
uspC	180	274	192	89
otsA	149	132	117	123
otsB	65	48	54	61
araH	82	75	73	47
araG	120	116	76	53
araF	116	119	93	60
ftnB	1616	1876	1557	914
yecJ	30	15	14	43
azuC	2	3	0	7
yecR	10	4	1	9
ftnA	1224	1274	875	1460
yecH	65	59	46	34
tyrP	93	67	47	129
yecA	886	1029	752	641
leuZ	35	16	11	23
cysT	152	78	61	107
glyW	76	62	62	60
pgsA	456	434	385	283
uvrC	1085	1040	769	1344
uvrY	1031	873	629	878
yecF	67	34	38	90
sdiA	45	32	28	54
yecC	114	161	139	112
yecS	113	110	95	86
dcyD	218	216	185	186
fliY	235	256	231	164
fliZ	10	9	8	4
fliA	10	7	4	12
fliC	161	141	102	117
fliD	8	12	13	10
fliS	2	2	1	3
fliT	2	6	2	2
amyA	163	178	128	146
yedD	346	291	291	207
yedE	119	79	59	92
yedF	11	13	15	18
yedK	8	14	6	6
yedL	3	6	9	3
yedN	4	1	0	2
intG	0	1	1	1
fliE	1	1	1	4
fliF	8	12	10	18
fliG	17	12	8	12
fliH	6	11	8	6
fliI	13	6	6	11
fliJ	2	2	1	0
fliK	9	8	5	12
fliL	5	7	10	7
fliM	14	23	12	12
fliN	5	3	3	8
fliO	2	3	1	2
fliP	1	3	0	5
fliQ	1	0	2	3
fliR	5	4	1	8
rcsA	4	1	0	3
dsrB	13	19	12	13
yodD	38	28	19	11
dsrA	3	2	0	3
yedP	67	65	52	29
yedQ	108	91	74	91
yodC	6	5	5	4
yedI	85	94	62	110
yedA	14	18	10	15
vsr	17	12	18	30
dcm	253	252	184	303
yedJ	82	78	50	93
yedR	10	6	4	22
rseX	0	0	0	0
yedS	17	18	20	15
hchA	127	128	92	78
yedV	47	47	30	58
yedW	59	41	32	36
hiuH	13	13	10	7
yedY	48	29	42	29
yedZ	19	20	5	10
zinT	23	21	15	25
yodB	12	14	5	7
serU	149	102	161	27
mtfA	1152	1136	903	396
asnT	30	15	13	8
yeeJ	142	118	124	116
yeeL	6	5	7	3
shiA	155	126	106	118
amn	771	776	634	589
yeeN	482	483	309	526
asnW	1	0	0	1
yeeO	19	18	14	24
asnU	0	0	0	0
cbl	16	9	6	14
nac	17	14	5	4
asnV	0	0	0	0
ldtA	173	174	132	118
cobT	27	25	17	34
cobS	12	11	9	15
cobU	32	31	21	23
yeeH	5	1	3	0
yoeG	14	7	11	17
yoeH	11	9	6	17
yoeA	22	21	10	18
yeeP	4	8	16	3
isrC	3	0	2	0
flu	1145	1235	1089	940
yeeR	35	41	30	36
yeeS	8	7	4	2
yeeT	3	9	7	3
cbeA	6	7	5	7
cbtA	3	5	2	0
yeeW	3	5	3	3
yoeD	4	3	2	5
yoeF	9	4	2	5
yeeX	1154	1183	893	727
yeeA	197	163	141	163
sbmC	327	351	260	142
dacD	40	27	18	50
sbcB	537	554	397	401
yeeD	17	14	16	6
yeeE	21	16	8	16
plaP	376	304	267	1045
yoeI	4	6	3	8
yeeY	45	44	34	31
yeeZ	723	806	645	514
yoeB	25	32	30	31
yefM	37	37	20	22
hisL	6	4	7	5
hisG	144	150	123	134
hisD	269	270	201	186
hisC	167	180	139	136
hisB	229	267	215	162
hisH	110	116	86	91
hisA	153	170	121	112
hisF	194	180	124	107
hisI	158	181	154	137
wzzB	1120	904	592	1472
ugd	76	63	53	109
gnd	4434	4923	3766	4820
wbbL	606	651	440	620
wbbK	643	633	232	788
wbbJ	233	259	146	337
wbbI	348	317	168	563
wbbH	194	164	92	404
glf	389	343	153	643
wzxB	216	213	79	491
rfbC	135	146	72	314
rfbA	421	528	340	947
rfbD	352	398	255	742
rfbB	718	720	451	1452
wcaN	2237	1820	1399	2575
wcaM	27	13	12	23
wcaL	19	14	11	8
wcaK	5	7	7	8
wzxC	7	4	5	5
wcaJ	2	4	1	1
cpsG	1	4	3	2
cpsB	3	4	4	3
wcaI	5	4	3	3
wcaH	0	3	2	2
wcaG	4	3	1	5
gmd	2	3	2	7
wcaF	1	1	0	0
wcaE	0	2	0	2
wcaD	0	0	1	0
wcaC	3	2	1	1
wcaB	5	1	1	2
wcaA	3	0	3	2
wzc	6	11	2	1
wzb	1	0	0	0
wza	1	0	0	0
yegH	282	243	187	323
asmA	596	522	447	458
dcd	866	789	743	669
udk	238	191	137	354
yegE	143	145	129	111
alkA	81	95	91	42
yegD	109	97	81	163
yegI	33	31	23	20
yegJ	4	2	1	2
yegK	3	1	2	1
yegL	6	1	0	2
sibA	2	3	1	2
ibsA	0	0	0	0
sibB	1	1	1	0
ibsB	0	0	0	0
mdtA	51	42	31	39
mdtB	64	50	51	92
mdtC	48	41	26	51
iceT	18	8	16	25
baeS	31	25	29	24
baeR	103	97	86	89
yegP	30	23	29	24
yegQ	285	178	141	580
cyaR	0	3	4	4
ogrK	8	8	7	9
yegZ	1	0	1	0
yegR	3	1	1	1
yegS	34	41	22	27
gatR	465	487	327	338
gatD	10600	12666	8662	7710
gatC	36971	43192	31042	26044
gatB	6836	8257	5580	5384
gatA	9693	11435	7759	7979
gatZ	48612	55835	41100	31232
gatY	24577	28284	22283	13866
fbaB	391	418	354	252
yegT	28	19	19	24
yegU	29	26	15	29
yegV	31	32	24	38
yegW	84	91	55	80
yegX	32	30	17	18
thiD	13	15	17	39
thiM	21	12	17	23
rcnR	38	30	23	36
rcnA	10	10	7	11
rcnB	61	64	33	50
yehA	6	3	1	4
yehB	32	22	18	15
yehC	16	13	7	8
yehD	148	187	116	92
yehE	20	15	12	15
mrp	1199	1137	927	1184
metG	972	938	701	1491
yehH	17	19	10	22
yehI	29	23	25	31
yehK	0	0	0	1
yehL	3	3	0	8
yehM	7	5	6	6
yehP	3	4	4	1
yehQ	21	10	11	14
yehR	15	11	3	10
yehS	287	260	190	364
yehT	205	193	153	200
yehU	334	253	210	197
mlrA	26	17	18	15
yohO	0	2	0	0
yehW	25	18	19	16
yehX	28	34	23	33
yehY	46	49	47	46
osmF	97	97	76	81
bglX	597	599	479	603
dld	2502	2813	2318	1824
pbpG	162	148	122	194
yohC	11	18	11	7
yohD	88	87	82	72
yohF	31	27	24	22
mdtQ	2	2	1	3
yohP	17	11	1	9
dusC	73	43	22	77
yohJ	91	59	37	155
yohK	97	76	72	77
cdd	354	373	300	196
sanA	53	35	32	35
yeiS	14	3	10	7
preT	1413	1746	1298	885
preA	1205	1494	1041	785
mglC	28	46	14	47
mglA	22	64	16	74
mglB	133	232	96	207
galS	67	96	63	44
yeiB	87	83	65	115
folE	477	407	338	498
yeiG	518	467	436	312
cirA	38	26	32	913
lysP	379	331	242	629
yeiE	528	531	390	335
yeiH	58	62	42	86
nfo	186	188	158	300
yeiI	152	114	97	226
nupX	8	6	5	7
rihB	3	10	9	2
yeiL	11	8	4	8
psuT	18	19	19	21
psuG	16	17	12	2
psuK	2	1	4	5
fruA	562	648	393	400
fruK	204	245	154	161
fruB	359	317	213	204
setB	76	61	43	44
yeiW	31	34	18	13
yeiP	221	231	152	344
yeiQ	69	64	53	40
yeiR	76	45	46	90
lpxT	74	57	38	131
mepS	2225	1699	1140	2112
rtn	134	111	100	115
yejA	232	197	159	149
yejB	78	53	52	56
yejE	60	48	62	79
yejF	263	220	186	178
yejG	509	623	530	184
bcr	263	222	154	367
rsuA	372	265	175	392
yejH	141	117	107	114
rplY	1901	1192	1239	1720
yejK	330	309	263	391
yejL	132	113	87	194
yejM	543	379	292	798
proL	2	0	1	0
yejO	71	65	61	60
narP	171	145	98	166
ccmH	361	452	328	380
dsbE	191	157	142	129
ccmF	618	557	472	519
ccmE	306	263	287	220
ccmD	84	73	65	68
ccmC	528	458	363	358
ccmB	284	202	221	214
ccmA	799	786	639	480
napC	965	1001	724	737
napB	755	804	635	578
napH	971	903	698	660
napG	950	968	704	657
napA	7082	7160	5560	4417
napD	147	100	83	72
napF	780	621	507	285
eco	1257	1315	1043	899
mqo	90	107	61	431
yojI	25	34	19	75
alkB	17	13	9	15
ada	95	83	69	73
apbE	90	50	45	104
ompC	73058	80853	62596	61468
micF	5	3	2	2
rcsD	886	890	734	929
rcsB	1050	1150	766	967
rcsC	391	337	250	427
atoS	260	267	215	119
atoC	491	451	319	275
atoD	4	5	1	7
atoA	5	0	1	2
atoE	3	6	3	6
atoB	9	5	2	4
yfaP	6	5	5	1
yfaQ	12	11	8	7
yfaS	64	46	39	39
yfaT	5	2	0	2
yfaA	42	45	42	27
gyrA	2908	2905	2164	4491
ubiG	316	277	217	342
yfaL	102	75	50	65
nrdA	1581	1428	1251	2648
nrdB	538	613	498	1049
yfaE	70	58	44	91
inaA	172	156	103	202
yfaH	65	38	12	40
glpQ	21930	24772	17454	14441
glpT	35997	41037	30339	21034
glpA	16687	17539	15238	7617
glpB	10021	9803	8110	5478
glpC	8094	8034	6675	4636
yfaD	107	63	49	86
ypaA	11	13	12	27
rhmA	12	8	12	18
rhmT	12	14	12	9
rhmD	50	58	49	31
rhmR	15	8	13	6
yfaY	458	490	396	377
yfaZ	22	14	21	21
nudI	101	128	91	76
ais	0	0	0	5
arnB	24	22	14	25
arnC	9	9	4	7
arnA	59	48	31	51
arnD	8	10	9	18
arnT	21	10	16	11
arnE	14	12	3	8
arnF	35	25	30	16
pmrD	103	101	91	40
menE	345	335	270	393
menC	745	802	649	708
menB	777	828	650	728
menH	41	30	27	55
menD	542	501	456	383
menF	274	233	175	301
elaB	375	467	418	277
elaA	108	84	88	87
rbn	104	97	98	127
elaD	9	4	4	14
yfbK	5	4	3	7
yfbL	4	1	1	1
yfbM	28	33	15	20
yfbN	2	0	2	1
yfbO	5	7	0	9
yfbP	23	18	18	20
nuoN	3950	4238	3466	3175
nuoM	3367	3644	2787	2647
nuoL	2290	2133	1716	1867
nuoK	148	130	106	127
nuoJ	358	312	258	279
nuoI	451	428	300	359
nuoH	1074	1363	950	985
nuoG	5708	6113	5003	4840
nuoF	2832	3157	2353	2509
nuoE	957	1074	724	809
nuoC	4620	4997	3700	4411
nuoB	2233	2358	1776	2061
nuoA	2569	2763	1926	2138
lrhA	1452	1305	1064	904
alaA	384	484	314	429
yfbR	95	99	75	82
yfbS	2003	2129	1737	787
yfbT	1338	1465	1143	811
yfbU	986	1207	906	710
yfbV	211	176	139	199
ackA	4138	4067	3139	4004
pta	4861	5061	4262	5138
yfcC	181	158	118	129
yfcD	193	187	146	211
yfcE	234	224	146	223
yfcF	90	95	71	72
yfcG	24	33	26	14
folX	109	106	86	138
yfcH	507	575	513	264
yfcI	14	10	5	5
hisP	14	15	17	31
hisM	17	13	6	40
hisQ	34	37	24	52
hisJ	336	370	314	410
argT	63	109	50	100
ubiX	98	54	40	77
purF	148	124	121	295
cvpA	102	86	64	185
dedD	346	338	283	300
folC	278	247	180	361
accD	2273	2112	1595	2963
dedA	127	154	75	174
truA	84	120	72	146
usg	255	246	187	348
pdxB	584	574	438	558
flk	151	115	100	202
yfcJ	38	22	23	40
fabB	5822	5750	4514	4216
mnmC	221	222	216	190
yfcL	92	74	58	93
epmC	138	134	101	168
yfcA	121	117	76	141
mepA	106	116	91	173
aroC	376	380	306	466
prmB	420	463	343	614
smrB	327	339	286	236
yfcO	125	111	102	61
yfcP	1	1	1	2
yfcQ	2	5	2	2
yfcR	4	3	3	1
yfcS	5	6	2	1
yfcU	37	33	32	17
yfcV	1	2	0	1
sixA	267	249	161	251
fadJ	413	502	324	288
fadI	262	286	188	183
yfcZ	2188	2165	2108	1002
fadL	1016	866	626	1515
yfdF	11	8	6	11
mlaA	714	733	551	733
yfdC	27	19	23	12
argW	0	0	0	1
intS	37	25	26	42
gtrA	91	50	47	92
gtrB	306	273	150	496
gtrS	234	238	96	583
tfaS	7	8	9	5
yfdK	3	4	1	3
yfdL	0	2	0	0
yfdM	1	0	0	0
yfdN	0	2	0	0
oweS	1	0	0	0
yfdP	2	2	3	0
yfdQ	5	6	4	3
yfdR	3	0	0	0
yfdS	0	0	0	0
yfdT	2	1	1	1
ypdJ	0	0	0	0
torI	7	4	3	4
pawZ	1	0	1	0
dsdC	22	19	14	13
dsdX	22	16	14	16
dsdA	94	90	90	64
emrY	2	5	1	3
emrK	3	4	2	4
evgA	739	746	458	538
evgS	597	536	377	551
yfdE	6	1	1	2
yfdV	1	3	0	0
oxc	3	7	3	5
frc	5	5	7	5
yfdX	1	0	0	0
ypdI	0	4	0	1
yfdY	45	51	49	20
lpxP	320	276	180	367
ypdK	8	3	4	9
alaC	194	189	156	188
ypdA	280	227	183	240
ypdB	140	156	110	134
ypdC	116	101	92	76
fryA	23	29	18	19
ypdE	4	4	3	2
ypdF	5	6	5	6
fryC	9	3	4	3
fryB	2	1	1	1
glk	1040	1102	823	580
yfeO	70	73	53	41
ypeC	6	11	4	9
mntH	33	36	24	47
nupC	314	332	232	457
yfeA	149	101	93	169
alaX	12	9	6	9
alaW	13	13	4	3
yfeC	537	497	383	219
yfeD	641	607	536	262
gltX	1170	1148	934	1998
valU	138	80	64	137
valX	254	120	112	278
valY	60	22	14	40
lysV	5	1	0	3
xapR	35	33	25	25
xapB	23	14	19	16
xapA	2	3	1	4
yfeN	0	2	4	2
yfeR	18	20	22	14
yfeH	228	247	185	164
ypeB	10	8	11	10
ligA	450	452	323	688
zipA	1402	1258	1055	954
cysZ	154	163	119	184
cysK	1297	1448	1089	864
ptsH	2145	2223	1752	1783
ptsI	5708	6135	4752	4518
crr	4292	4869	3620	3423
pdxK	406	438	326	333
yfeK	21	13	14	20
yfeS	62	60	31	48
cysM	90	81	53	95
cysA	32	38	28	33
cysW	23	12	13	19
cysU	17	10	12	10
cysP	29	19	32	16
ucpA	8975	10050	8074	5402
murR	45	31	38	35
murQ	287	301	198	157
murP	232	229	188	128
yfeW	187	167	110	111
yfeX	5375	5650	4602	3110
yfeY	158	154	77	141
yfeZ	41	35	22	46
ypeA	74	59	51	77
amiA	266	206	164	292
hemF	158	104	111	156
eutR	43	38	26	19
eutK	59	59	40	38
eutL	80	80	74	52
eutC	127	108	109	83
eutB	440	426	382	281
intZ	235	180	128	165
yffL	22	24	12	12
yffM	4	5	2	3
yffN	1	0	0	1
yffO	5	1	0	0
yffP	9	1	2	4
yffQ	2	4	2	0
yffR	20	14	22	11
yffS	216	224	203	142
eutA	6	8	4	2
eutH	11	12	14	9
eutG	5	5	3	5
eutJ	3	3	3	5
eutE	7	10	4	11
eutN	0	0	0	0
eutM	15	17	14	10
eutD	11	9	10	5
eutT	12	15	12	9
eutQ	12	14	7	11
eutP	5	3	2	3
eutS	3	5	5	4
maeB	1099	1354	947	959
talA	220	259	180	189
tktB	410	495	380	339
ypfG	30	24	19	18
nudK	174	174	124	145
aegA	320	314	241	160
narQ	163	131	88	120
acrD	89	75	50	89
ypfM	348	289	293	114
yffB	157	182	148	104
dapE	500	534	445	415
ypfN	68	86	63	50
ypfH	205	254	209	163
tmcA	324	292	217	247
ypfJ	201	224	180	155
purC	194	193	137	238
bamC	2212	2242	1737	2082
dapA	2862	2767	2197	2122
gcvR	488	396	325	303
bcp	573	455	380	558
hyfA	1	3	1	1
hyfB	8	5	8	5
hyfC	2	1	2	5
hyfD	6	1	2	7
hyfE	2	1	1	3
hyfF	14	4	15	9
hyfG	52	44	45	31
hyfH	9	10	10	8
hyfI	14	10	10	10
hyfJ	6	5	4	4
hyfR	23	28	20	21
focB	25	14	10	12
yfgO	216	194	173	169
bepA	372	291	248	270
yfgD	237	237	207	198
hda	232	194	192	206
uraA	132	129	105	240
upp	989	825	667	1120
purM	188	177	144	338
purN	111	121	81	189
ppk	1014	1040	717	714
ppx	503	517	376	455
yfgF	58	42	35	21
yfgG	35	27	33	19
yfgH	8	8	1	5
yfgI	11	8	4	8
guaA	2310	2417	1808	3885
guaB	951	748	600	1972
xseA	639	360	264	690
yfgJ	28	16	12	33
der	661	597	502	1062
bamB	1516	1659	1275	1850
yfgM	653	721	483	846
hisS	1641	1504	1238	1852
ispG	1813	1865	1467	1767
rodZ	1655	1459	1191	1416
rlmN	619	510	396	1161
ndk	207	254	171	666
pbpC	239	192	184	183
yfhM	2779	2920	2285	1762
sseA	3213	3607	2861	1720
ryfA	43	35	40	64
sseB	422	458	315	679
pepB	1665	1926	1543	2012
iscX	156	148	96	361
fdx	118	119	83	446
hscA	909	992	692	3112
hscB	169	171	119	783
iscA	368	445	329	1116
iscU	432	579	441	1599
iscS	1232	1611	1110	5260
iscR	381	462	226	1767
trmJ	1212	1155	825	1165
suhB	486	394	331	1332
yfhR	16	6	11	8
csiE	858	906	783	382
hcaT	131	123	82	144
hcaR	29	52	28	48
iroK	0	0	0	0
hcaE	33	29	23	25
hcaF	8	6	2	6
hcaC	4	1	2	2
hcaB	4	11	5	11
hcaD	17	24	20	9
yphA	51	61	42	26
yphB	23	23	20	15
yphC	42	39	26	21
yphD	11	10	7	9
yphE	16	9	9	8
yphF	3	4	3	3
yphG	19	15	8	7
yphH	55	50	38	42
glyA	4910	5445	3993	4737
hmp	367	434	359	235
glnB	218	144	114	118
glrR	111	126	88	133
yfhG	129	115	96	121
glrK	164	119	118	121
glmY	34	29	48	52
purL	462	404	393	887
mltF	42	26	31	73
tadA	135	69	67	119
pgpC	204	187	155	138
yfhH	51	49	51	61
yfhL	22	7	5	8
shoB	26	31	35	19
ohsC	1	0	0	0
acpS	103	81	75	72
pdxJ	651	717	558	488
recO	91	95	91	157
era	495	499	421	892
rnc	570	401	295	863
lepB	436	523	376	751
lepA	1219	1190	930	1930
rseC	196	196	149	193
rseB	735	749	529	726
rseA	1735	1872	1390	1298
rpoE	1640	1509	1110	1065
nadB	43	28	41	36
trmN	53	41	25	69
srmB	489	418	338	770
yfiE	50	48	39	39
eamB	31	24	19	19
grcA	21127	23885	21735	12672
ung	404	476	374	265
yfiF	1050	939	771	1164
trxC	53	41	46	68
yfiP	60	46	34	102
pka	4332	4246	3421	2245
pssA	2126	1977	1503	1554
yfiM	54	54	13	72
kgtP	1625	1651	1074	2325
rrfG	0	0	0	0
rrlG	2	0	1	3
gltW	124	53	37	154
rrsG	18	45	22	16
clpB	1345	1443	1062	1037
ryfD	13	12	15	20
yfiH	180	143	130	222
rluD	349	366	247	480
bamD	1432	1353	1018	1363
raiA	23250	26547	24093	9492
pheL	3	6	1	3
pheA	203	211	147	197
tyrA	119	94	78	127
aroF	125	110	93	150
yfiL	29	24	7	19
yfiR	108	69	74	82
yfiN	129	95	85	120
yfiB	148	148	103	144
rplS	2618	2521	2053	3529
trmD	6436	5981	4589	10123
rimM	4907	4820	3476	7947
rpsP	1873	1581	1268	3043
ffh	2377	2302	1801	2327
ypjD	150	90	97	161
yfjD	175	147	105	211
grpE	973	1108	775	950
nadK	278	257	203	207
recN	184	161	142	191
bamE	764	616	549	478
ratB	63	58	27	59
ratA	251	224	143	187
smpB	809	777	537	707
ssrA	168189	191637	152166	93362
intA	352	390	272	248
yfjH	37	44	17	36
alpA	0	0	1	1
yfjI	5	6	1	3
yfjJ	2	0	3	0
yfjK	286	315	238	230
yfjL	675	564	402	365
yfjM	7	3	2	2
rnlA	626	658	455	515
rnlB	74	72	52	64
yfjP	21	11	8	11
yfjQ	4	3	1	2
yfjR	6	11	6	2
ypjK	1	0	0	1
yfjS	1	3	3	4
yfjT	14	16	11	12
yfjU	8	10	2	5
yfjV	16	15	9	22
yfjW	78	61	35	79
ypjI	0	1	1	0
yfjX	4	6	6	1
yfjY	3	1	1	2
ypjJ	0	0	3	1
yfjZ	2	0	0	1
ypjF	3	2	2	3
psaA	3	1	1	1
ypjA	36	50	34	41
pinH	1	1	1	1
ypjC	0	0	1	0
ileY	0	0	0	0
ygaQ	4	1	1	2
csiD	28	33	19	24
lhgO	40	51	34	44
gabD	112	133	99	102
gabT	119	136	111	107
gabP	17	10	10	10
csiR	42	40	28	31
ygaU	318	421	261	194
yqaE	13	7	10	8
ygaV	21	18	16	22
ygaP	98	89	59	81
stpA	43	17	13	40
alaE	80	64	45	49
ygaC	8	11	13	14
ygaM	219	237	190	130
nrdH	1	1	0	15
nrdI	1	3	2	42
nrdE	16	20	15	190
nrdF	9	3	2	64
proV	603	611	393	1029
proW	434	533	353	744
proX	1280	1566	1010	1398
ygaY	31	24	11	63
ygaZ	384	305	255	278
ygaH	108	93	91	114
mprA	353	348	240	593
emrA	100	91	69	194
emrB	82	88	60	119
luxS	752	885	624	683
micA	21	27	17	23
gshA	1171	1157	861	1322
yqaA	196	168	108	174
yqaB	318	337	251	289
argQ	169	43	50	120
argZ	301	125	91	277
argY	544	205	149	435
argV	793	286	232	714
serV	95	42	53	90
csrA	843	850	670	664
alaS	3055	3277	2484	3949
recX	20	20	17	40
recA	2358	2631	2104	2272
pncC	140	131	118	114
mltB	108	58	44	113
srlA	400	380	313	168
srlE	849	1005	733	463
srlB	469	459	348	271
srlD	2689	3092	2581	1731
srlM	93	77	79	38
srlR	343	342	306	218
srlQ	503	466	395	283
norR	32	40	19	24
norV	22	18	16	19
norW	10	9	10	3
hypF	205	252	192	90
hydN	3	6	5	6
ascG	34	42	24	21
ascF	37	33	23	20
ascB	42	55	15	31
hycI	156	113	109	81
hycH	5	6	9	4
hycG	10	10	5	5
hycF	3	3	2	3
hycE	15	12	10	14
hycD	0	2	6	5
hycC	6	9	9	4
hycB	1	0	3	2
hycA	1	3	1	2
hypA	76	85	101	38
hypB	4292	4837	4056	2135
hypC	683	701	625	371
hypD	4222	4369	3775	2610
hypE	3085	3129	2736	1921
fhlA	918	879	626	788
ygbA	29	40	40	15
mutS	453	474	367	660
pphB	5	6	2	3
ygbI	93	110	74	57
ygbJ	23	25	12	15
ygbK	21	23	29	18
ygbL	11	11	10	11
ygbM	14	15	8	11
ygbN	13	8	13	8
rpoS	953	1022	756	839
nlpD	423	397	266	445
pcm	256	202	177	198
umpG	384	374	303	311
truD	424	442	344	428
ispF	82	86	75	143
ispD	180	139	116	268
ftsB	145	121	90	210
ygbE	13	6	6	22
cysC	7	3	5	2
cysN	39	59	38	35
cysD	16	13	9	5
iap	60	63	38	69
ygbF	14	9	9	11
ygbT	13	16	12	26
casE	8	11	7	9
casD	4	13	3	8
casC	14	22	12	14
casB	2	3	1	2
casA	2	3	3	6
ygcB	137	145	98	105
sokX	0	0	0	0
cysH	14	17	12	17
cysI	29	33	25	29
cysJ	42	45	31	48
queD	115	65	58	133
ygcN	991	928	694	519
ygcO	86	95	83	66
ygcP	254	261	183	171
ygcQ	9	9	6	7
ygcR	7	1	0	4
ygcS	2	2	1	0
ygcU	14	10	4	10
ygcW	3	1	4	0
yqcE	9	2	8	6
ygcE	31	22	21	23
queE	57	54	37	58
yqcG	0	0	0	0
ygcG	2	0	1	6
eno	13919	15737	11970	14395
pyrG	2323	2131	1617	3471
mazG	223	247	175	270
mazF	80	73	57	63
mazE	83	78	47	65
relA	1148	1124	802	942
rlmD	206	244	158	188
barA	437	389	341	398
gudD	479	613	465	333
gudX	316	294	228	208
gudP	442	435	365	207
yqcA	804	879	735	411
truC	103	102	90	160
yqcC	35	35	19	30
csrB	8987	10854	9090	7012
syd	140	142	113	154
queF	227	243	169	253
ygdH	9310	10017	7870	5411
sdaC	1293	1227	911	2084
sdaB	377	361	286	813
ygdG	117	97	93	77
fucO	489	550	464	293
fucA	62	86	58	59
fucP	244	201	173	113
fucI	1299	1483	1232	972
fucK	417	514	386	297
fucU	115	122	86	97
fucR	336	404	283	179
rlmM	172	163	115	230
ygdD	46	37	30	66
gcvA	36	46	45	53
gcvB	1425	1493	1536	1737
ygdI	20	24	22	22
csdA	344	323	272	267
csdE	144	135	108	124
tcdA	134	152	81	196
mltA	217	216	196	330
metZ	66	13	17	42
metW	242	70	60	145
metV	19	9	7	9
amiC	252	200	142	313
argA	54	61	53	44
recD	212	224	161	188
recB	636	602	539	595
ptrA	347	321	254	336
recC	471	510	405	467
ppdC	12	7	12	4
ygdB	8	14	14	16
ppdB	14	15	16	8
ppdA	9	8	10	5
thyA	457	421	351	544
lgt	524	490	328	650
ptsP	1751	1616	1285	1536
rppH	718	778	592	548
mutH	62	42	40	49
ygdQ	180	132	82	209
ygdR	78	86	83	34
tas	754	770	639	514
lplT	79	108	61	89
aas	323	320	240	309
omrA	0	2	0	0
omrB	0	3	1	0
galR	310	334	212	182
lysA	36	28	22	22
lysR	57	72	39	44
ygeA	74	88	69	52
araE	56	51	45	36
kduD	29	37	36	29
kduI	25	23	13	26
yqeF	236	210	151	214
yqeG	123	127	60	272
yqeH	2	5	4	2
yqeI	42	30	21	25
yqeJ	7	2	5	4
yqeL	0	0	0	0
yqeK	4	0	0	0
ygeF	0	0	0	0
ygeG	1	0	0	1
ygeH	3	1	1	0
ygeI	0	1	0	0
pbl	0	0	0	0
ygeK	3	1	0	0
ygeN	2	2	1	1
ygeO	2	0	1	5
ygeQ	43	25	12	52
glyU	1	1	1	0
ygeR	255	253	184	163
xdhA	285	340	270	177
xdhB	58	80	63	52
xdhC	40	34	31	27
ygeV	2610	2613	1954	1210
ygeW	213	255	226	155
ygeX	175	206	155	99
ygeY	133	169	157	102
hyuA	55	61	42	29
yqeA	64	51	54	34
yqeB	1476	1442	1143	717
yqeC	916	871	681	403
mocA	353	349	233	148
ygfK	1107	1197	952	681
ssnA	214	240	185	163
ygfM	129	110	125	89
xdhD	264	356	264	271
xanQ	19	16	12	20
guaD	54	39	40	30
ghxQ	45	56	44	45
ygfS	8	9	6	2
ygfT	39	50	42	27
uacT	63	49	38	32
yqfG	2	3	0	0
idi	92	83	56	58
lysS	1318	1466	1176	2400
prfB	1258	1253	882	2058
recJ	742	700	609	809
dsbC	356	354	278	385
xerD	369	303	275	290
fldB	385	312	261	343
cptA	327	278	225	252
sdhE	206	216	189	119
ygfZ	1527	1591	1331	1251
yqfA	911	905	774	315
yqfB	93	109	68	79
bglA	730	822	584	623
ygfF	69	65	57	71
gcvP	3517	4086	3037	2962
gcvH	1797	2130	1583	1318
gcvT	4161	4419	3511	3060
ubiI	690	660	528	571
ubiH	1143	1154	941	952
pepP	2033	2174	1652	1532
ygfB	900	920	748	806
zapA	814	676	570	517
ssrS	7055	6783	8090	5681
fau	141	109	77	117
sibC	1	2	0	4
ibsC	0	0	0	0
serA	308	314	220	262
rpiA	1070	1136	941	821
yqfE	3	4	4	3
argP	275	282	263	159
scpA	30	27	19	23
argK	8	6	8	8
scpB	10	12	11	10
scpC	27	19	19	11
ygfI	29	36	24	22
yggE	509	503	405	344
argO	93	86	71	47
mscS	408	418	357	607
fbaA	9781	10694	7851	8805
pgk	6131	6565	4721	5771
epd	1436	1161	888	1002
yggC	136	121	85	118
yggD	112	102	90	88
yggF	2	2	2	4
yggP	4	3	5	6
cmtA	5	4	6	1
cmtB	3	1	2	1
tktA	4025	4200	3405	4339
loiP	610	684	572	328
speB	659	672	552	708
speA	1584	1843	1365	2425
yqgB	64	63	32	130
yqgC	197	167	111	218
metK	374	345	282	951
galP	53	50	43	39
yggI	23	19	16	17
endA	38	37	28	25
rsmE	219	185	148	162
gshB	593	590	435	497
yqgE	321	281	203	339
yqgF	151	118	83	177
yggR	8	11	8	10
yggS	195	190	126	209
yggT	140	125	96	173
yggU	49	58	46	78
rdgB	175	167	116	261
yggW	209	197	128	304
yggM	107	60	54	73
ansB	24616	29235	23280	14613
yggN	74	68	41	71
yggL	331	334	253	290
trmI	201	199	133	304
mutY	235	201	153	328
yggX	91	103	82	90
mltC	97	98	78	141
nupG	553	573	459	303
speC	164	154	132	263
yqgA	305	335	292	150
pheV	1	2	1	1
yghD	4	1	2	6
yghE	38	25	30	61
yghF	3	2	1	2
yghG	1	1	0	1
pppA	15	5	5	4
sslE	152	141	150	121
glcA	10	2	1	6
glcB	423	459	383	331
glcG	95	76	65	72
glcF	100	87	78	57
glcE	5	5	2	7
glcD	5	5	4	3
glcC	67	86	65	83
yghO	9	7	5	7
yghQ	16	10	6	12
yghR	3	3	4	0
yghS	4	0	0	3
yghT	2	1	1	2
pitB	5	6	5	7
gss	554	554	447	443
yghU	432	436	397	268
hybG	74	70	63	55
hybF	118	104	101	97
hybE	429	348	264	285
hybD	850	880	646	618
hybC	2255	2170	1722	1823
hybB	2273	2327	1915	1350
hybA	2947	3198	2565	1680
hybO	4308	4690	3849	2189
yghW	2	6	3	5
yghX	15	15	19	11
gpr	2104	2575	2094	1213
yqhA	270	235	182	248
yghA	61	49	44	23
exbD	208	176	115	232
exbB	404	314	265	366
metC	83	109	80	86
yghB	515	359	316	198
yqhC	43	34	23	34
yqhD	1202	1389	1238	682
dkgA	404	424	331	226
yqhG	23	19	13	12
yqhH	13	7	10	14
ygiQ	443	433	339	885
ftsP	719	599	477	636
plsC	204	185	137	227
parC	633	561	451	861
ygiS	117	126	75	75
mqsA	49	68	24	49
mqsR	30	29	18	19
ygiV	65	63	49	57
ygiW	444	546	419	296
qseB	53	59	41	50
qseC	71	70	48	56
ygiZ	1	1	1	0
mdaB	127	121	115	113
ygiN	577	617	559	282
parE	1443	1291	1049	1640
yqiA	494	313	272	460
cpdA	2002	1700	1486	1126
yqiB	104	115	86	87
nudF	215	204	138	187
tolC	2902	2937	2338	2976
ygiB	2044	2272	1693	1488
ygiC	1987	2066	1532	1605
ygiD	30	37	28	31
zupT	373	351	283	223
ribB	1030	1078	845	1108
yqiC	256	200	191	166
ygiL	12	5	10	5
yqiG	15	12	7	11
yqiH	5	2	2	8
yqiI	17	15	7	12
glgS	153	178	196	71
yqiJ	24	14	9	11
yqiK	53	37	42	41
sibD	3	1	1	1
ibsD	0	0	0	0
sibE	4	6	0	4
ibsE	0	0	0	0
hldE	221	282	203	310
glnE	286	345	245	217
ygiF	90	103	92	88
ygiM	405	379	276	425
cca	658	632	507	526
bacA	182	161	113	202
folB	44	37	21	47
plsY	101	87	69	101
ttdR	101	82	51	28
ttdA	0	3	1	2
ttdB	1	0	3	3
ttdT	9	10	6	12
tsaD	351	310	241	441
rpsU	2041	1391	1245	2891
dnaG	729	526	436	1189
rpoD	1309	1276	997	2156
mug	180	200	172	143
ileX	0	0	0	0
yqjH	27	20	15	37
yqjI	215	243	187	139
aer	39	36	29	26
patA	105	130	94	64
ygjH	22	17	12	10
ebgR	371	334	257	190
ebgA	80	94	70	95
ebgC	9	13	2	7
ygjI	13	9	12	3
ygjJ	4	0	1	3
ygjK	22	14	16	11
fadH	117	145	109	74
higA	32	36	21	22
higB	4	12	2	3
rlmG	220	136	131	291
ygjP	52	52	41	55
ygjQ	12	3	5	10
ygjR	2221	2329	1876	1123
alx	44	42	39	78
sstT	249	245	153	216
ygjV	18	3	6	21
uxaA	445	455	356	234
uxaC	575	564	462	295
exuT	247	194	143	106
exuR	487	513	448	281
yqjA	263	223	196	226
mzrA	163	136	137	124
yqjC	695	771	518	622
yqjD	686	816	673	533
yqjE	941	1089	867	706
yqjK	413	387	366	346
yqjF	15	14	11	17
yqjG	95	106	79	79
yhaH	60	77	82	53
yhaI	2	0	0	3
yhaJ	96	62	41	96
yhaK	16	20	20	13
yhaL	63	47	40	42
yhaM	413	486	397	284
yhaO	352	412	323	234
tdcG	4633	5853	4665	4648
tdcF	2367	2945	2202	2591
tdcE	21411	25412	19438	20161
tdcD	13784	15106	10536	9922
tdcC	31522	34686	26838	20166
tdcB	32461	34742	25588	17310
tdcA	6815	8071	5982	1957
tdcR	3	2	0	1
yhaB	5	7	1	3
yhaC	6	4	2	7
rnpB	81456	84552	83781	49161
garK	4372	4673	3924	2429
garR	4967	5401	4626	2868
garL	3490	3684	3143	1920
garP	3402	3487	2620	1193
garD	7717	8289	6971	3392
prlF	227	203	130	169
yhaV	239	214	167	141
agaR	177	170	143	116
kbaZ	53	52	38	25
agaV	30	31	17	14
agaW	22	23	21	12
agaA	34	27	22	16
agaS	23	20	17	11
kbaY	6	6	2	4
agaB	0	0	1	0
agaC	1	0	1	3
agaD	2	1	0	3
agaI	5	2	1	9
yraH	9	7	3	8
yraI	1	0	0	1
yraJ	60	37	35	23
yraK	43	39	16	18
rsmI	100	87	76	138
lpoA	796	792	619	783
yraN	86	64	54	77
diaA	305	315	266	263
yraP	327	334	287	344
yraQ	55	40	34	61
yraR	34	50	21	25
yhbO	11	11	10	15
yhbP	76	52	47	57
yhbQ	80	74	64	64
yhbS	1783	1845	1441	838
yhbT	3441	3955	2945	1743
yhbU	584	476	384	263
yhbV	378	446	338	243
yhbW	195	229	175	141
mtr	97	90	76	73
deaD	4047	3620	2930	9134
yrbN	50	43	24	146
nlpI	3568	3469	2580	5267
pnp	10727	11389	8913	13450
psrO	5	2	4	5
rpsO	2511	1887	1576	3024
truB	754	634	527	1155
rbfA	341	345	237	502
infB	5214	5504	4248	8757
nusA	2289	2374	1765	3885
rimP	557	502	348	874
metY	83	25	26	59
argG	270	251	203	342
yhbX	13	11	9	12
leuU	8	4	4	2
secG	3603	1712	1208	2920
glmM	3208	3645	2910	2292
folP	174	220	171	169
ftsH	5166	5051	3931	5709
rlmE	952	807	613	822
yhbY	738	633	554	913
greA	600	475	347	890
dacB	172	159	115	198
obgE	445	445	343	1061
yhbE	319	214	168	621
rpmA	2461	1867	1563	3949
rplU	2841	1817	1368	4711
ispB	1066	898	754	969
sfsB	40	26	21	43
murA	588	589	470	946
ibaG	97	73	51	133
mlaB	115	136	97	149
mlaC	395	463	330	485
mlaD	225	211	160	272
mlaE	343	283	220	346
mlaF	447	405	304	488
yrbG	207	178	148	182
kdsD	333	285	206	330
kdsC	239	242	208	306
lptC	197	157	118	258
lptA	344	337	301	452
lptB	556	530	426	589
rpoN	1417	1446	1178	1252
hpf	351	350	299	313
ptsN	676	524	477	572
yhbJ	608	548	427	566
npr	31	16	10	14
yrbL	1116	1251	946	1044
mtgA	339	300	223	180
elbB	958	999	897	533
arcZ	46	39	19	24
arcB	1172	1181	841	799
yhcC	189	169	123	73
gltB	485	500	364	572
gltD	190	167	170	195
gltF	31	24	24	26
yhcA	1	1	0	0
yhcD	46	32	15	36
yhcE	13	13	12	9
yhcF	20	25	10	18
yhcG	38	19	14	35
yhcH	209	193	167	115
nanK	311	354	308	171
nanE	334	350	250	202
nanT	887	883	723	439
nanA	1396	1568	1246	968
nanR	351	357	287	270
dcuD	22	10	8	15
sspB	1454	1368	1191	1430
sspA	2726	2463	1787	2613
rpsI	3806	3469	3014	6728
rplM	5545	4990	3580	10476
zapE	187	144	99	183
yhcB	1221	1293	1152	816
degQ	199	189	148	149
degS	167	120	94	132
mdh	9325	10859	8383	6423
argR	351	316	241	387
yhcN	38	48	41	68
yhcO	14	8	6	5
aaeB	33	23	19	21
aaeA	11	16	14	13
aaeX	33	31	15	19
aaeR	222	205	164	134
tldD	1240	1100	814	1026
yhdP	413	419	282	369
rng	359	323	272	376
yhdE	125	124	86	141
mreD	79	57	51	152
mreC	415	411	324	631
mreB	1379	1345	967	2074
csrD	366	310	255	304
acuI	444	474	402	291
yrdF	6	5	6	2
yrdE	10	6	8	12
accB	962	955	729	1873
accC	1664	1753	1299	3268
yhdT	5	6	4	19
panF	98	100	81	154
prmA	178	165	144	321
dusB	1435	996	785	2526
fis	235	199	151	441
yhdJ	16	7	3	10
yhdU	4	0	0	2
acrS	6	0	0	1
acrE	1	3	2	2
acrF	31	33	17	21
yhdV	0	1	2	2
yhdW	10	9	4	2
yhdX	9	0	2	7
yhdY	11	2	4	4
yhdZ	11	7	11	8
rrfF	0	0	0	0
thrV	0	0	0	0
rrfD	0	0	0	0
rrlD	1	1	0	1
alaU	5	2	0	5
ileU	0	0	0	0
rrsD	22	54	11	15
yrdA	293	304	214	216
yrdB	18	18	9	21
aroE	106	128	84	160
tsaC	152	137	93	191
yrdD	274	242	200	223
smg	841	823	707	477
smf	58	52	30	37
def	652	644	491	751
fmt	1077	1064	777	1180
rsmB	579	571	421	752
trkA	321	373	290	403
mscL	278	295	177	199
arfA	2	2	2	2
zntR	35	48	27	50
yhdN	44	50	29	61
rplQ	4924	4456	3550	8795
rpoA	17750	17811	13232	32120
rpsD	12734	12451	9247	23076
rpsK	6424	6256	4731	11918
rpsM	7047	6588	4878	12153
rpmJ	3100	3095	2073	4378
secY	18352	17453	12024	31210
rplO	7265	7155	5704	13400
rpmD	750	743	562	1518
rpsE	5725	5788	3865	11846
rplR	3293	3109	2573	7663
rplF	5901	6152	4553	12613
rpsH	4982	5165	3774	10454
rpsN	4199	4345	3322	10116
rplE	8685	8298	6308	18441
rplX	5605	5504	3925	11226
rplN	9482	9023	6514	16106
rpsQ	1582	1619	1214	2625
rpmC	2396	2517	1744	4268
rplP	5089	4949	3886	9020
rpsC	11010	11141	8255	20073
rplV	4337	4383	3360	8936
rpsS	2521	2539	1941	5461
rplB	10589	10126	7823	22057
rplW	3484	3509	2653	8324
rplD	8119	7699	5964	17196
rplC	8877	8436	7020	19883
rpsJ	5682	5113	4147	13684
gspB	12	5	5	2
gspA	8	4	1	8
gspC	2	3	3	2
gspD	26	22	17	14
gspE	11	2	8	7
gspF	8	15	13	13
gspG	2	0	3	0
gspH	0	4	4	0
gspI	1	0	1	0
gspJ	2	4	4	5
gspK	30	19	18	9
gspL	45	30	44	14
gspM	6	4	2	4
gspO	11	13	2	5
bfr	267	316	217	189
bfd	2	3	0	2
chiA	127	118	88	92
tufA	12823	13202	9979	13774
fusA	41687	42821	32318	56229
rpsG	6849	6984	4887	11992
rpsL	7345	6857	5320	12162
tusB	44	24	29	39
tusC	62	55	42	70
tusD	76	74	59	80
yheO	299	276	195	304
fkpA	1766	1908	1356	2024
slyX	39	29	26	40
slyD	3580	3211	2525	3321
yheV	79	66	64	49
kefB	119	106	100	65
kefG	21	28	16	17
yheS	394	374	286	548
yheT	96	94	83	140
yheU	12	9	9	8
prkB	297	277	226	214
yhfA	406	420	372	254
crp	3689	3820	2990	2677
yhfK	607	602	413	456
argD	55	44	47	108
pabA	43	25	14	51
fic	86	74	67	80
yhfG	5	6	3	7
ppiA	437	321	234	478
tsgA	55	24	28	83
nirB	1815	1905	1594	956
nirD	142	172	136	75
nirC	94	101	52	58
cysG	214	228	155	196
yhfL	3	2	2	2
frlA	4	0	4	2
frlB	38	44	28	36
frlC	13	22	9	11
frlD	32	24	24	24
frlR	161	178	122	121
yhfS	28	18	15	16
yhfT	14	13	11	12
yhfU	4	4	1	3
php	7	10	2	7
yhfW	8	2	4	2
yhfX	0	1	1	2
yhfY	6	3	5	2
yhfZ	29	32	20	25
trpS	606	605	411	734
gph	255	259	171	324
rpe	322	356	263	387
dam	259	199	171	358
damX	1121	1088	868	1492
aroB	1178	977	762	1428
aroK	968	728	516	1161
hofQ	16	11	16	14
hofP	1	1	1	0
hofO	3	3	2	3
hofN	6	5	5	5
hofM	16	12	18	12
mrcA	190	121	87	257
nudE	183	132	112	201
yrfF	279	219	187	254
yrfG	145	131	95	161
hslR	90	81	79	136
hslO	232	247	178	337
yhgE	121	106	115	119
pck	24592	28958	23423	16590
envZ	747	656	558	622
ompR	1305	1285	1037	839
greB	131	131	84	98
yhgF	310	317	290	467
feoA	96	126	99	83
feoB	713	700	577	495
feoC	21	28	24	16
yhgA	30	24	12	24
bioH	145	146	118	131
gntX	247	240	196	175
nfuA	434	465	356	713
gntT	301	281	225	174
malQ	3663	4135	3264	2229
malP	6088	6934	5525	3688
malT	2957	2772	2319	1513
rtcA	67	65	49	33
rtcB	43	31	24	26
rtcR	21	45	40	32
glpR	126	130	94	214
glpG	246	169	118	311
glpE	97	53	48	108
glpD	26471	28042	23555	16236
yzgL	376	223	166	288
glgP	3319	3556	2873	2532
glgA	2565	2851	2195	1856
glgC	2703	2999	2507	1857
glgX	1581	1765	1486	1111
glgB	1819	1911	1472	1267
asd	1635	1769	1297	1215
yhgN	46	53	39	86
gntU	106	104	74	71
gntK	78	61	48	49
gntR	613	514	394	441
yhhW	211	245	214	144
yhhX	1220	1394	998	770
ryhB	0	0	0	3
yhhY	38	54	42	30
yhhZ	1	0	0	1
yrhA	0	0	2	4
yrhB	1	3	2	2
ggt	92	127	82	116
yhhA	92	139	103	51
ugpQ	82	69	72	66
ugpC	21	34	27	33
ugpE	3	8	3	7
ugpA	7	6	6	9
ugpB	22	41	31	36
livF	7	10	8	8
livG	2	9	5	13
livM	16	11	10	17
livH	4	12	7	7
livK	21	24	13	29
panM	191	158	160	137
livJ	53	41	38	44
rpoH	2262	2056	1478	2053
ftsX	279	302	226	333
ftsE	229	215	137	220
ftsY	483	409	309	648
rsmD	126	112	85	135
yhhL	21	16	11	19
yhhM	32	35	28	24
yhhN	338	382	317	238
zntA	1375	1333	1149	753
tusA	106	68	53	51
yhhQ	43	23	28	74
dcrB	1868	2218	1661	1199
yhhS	184	143	127	96
yhhT	47	37	30	29
acpT	142	80	78	129
nikA	1411	1185	899	621
nikB	320	337	324	207
nikC	259	292	223	164
nikD	287	258	251	190
nikE	260	219	189	213
nikR	105	106	91	91
rhsB	25	20	21	24
yhhH	3	3	0	3
yrhC	1	0	0	1
yhhI	11	5	5	6
yhhJ	238	313	250	168
rbbA	885	1060	902	565
yhiI	581	693	595	378
yhiJ	13	2	6	8
yhiL	5	1	1	3
yhiM	11	7	3	11
yhiN	149	98	96	201
pitA	1194	1127	866	1658
uspB	113	104	98	46
uspA	9675	10908	9268	4659
dtpB	2378	2585	2086	1575
rsmJ	106	94	73	84
prlC	747	837	610	665
rlmJ	457	427	343	542
gor	968	996	847	1030
dinQ	144	153	143	120
agrA	11	11	2	9
agrB	1	0	0	2
arsR	7	10	9	6
arsB	25	32	15	28
arsC	22	17	10	12
yhiS	1	0	1	2
slp	115	122	125	78
dctR	2	3	0	5
yhiD	7	0	3	9
hdeB	68	92	37	63
hdeA	255	272	203	207
hdeD	56	80	53	35
arrS	16	10	2	12
gadE	18	24	17	30
mdtE	23	15	27	12
mdtF	64	80	72	60
gadW	70	42	24	83
gadY	20	12	5	14
gadX	225	176	116	149
gadA	6	6	3	6
yhjA	238	240	202	111
treF	79	80	51	82
yhjB	9	8	7	9
yhjC	37	29	20	13
yhjD	124	170	144	86
yhjE	14	21	13	16
yhjG	96	108	79	66
yhjH	9	6	4	4
kdgK	316	314	278	235
yhjJ	447	285	220	394
dctA	1342	1361	1012	1268
yhjK	123	135	104	165
bcsC	126	110	107	79
bcsZ	14	7	9	14
bcsB	34	28	21	35
bcsA	28	27	22	37
bcsQ	20	7	8	23
yhjR	35	23	21	38
bcsE	842	772	615	606
bcsF	20	18	11	19
bcsG	435	353	264	337
ldrD	14	14	13	8
rdlD	7	5	9	5
yhjV	88	55	62	160
dppF	86	91	71	77
dppD	88	132	83	124
dppC	91	103	73	87
dppB	93	66	45	69
dppA	3124	2556	2029	1562
proK	0	2	3	2
eptB	652	486	354	578
yhjX	17	13	10	5
yhjY	71	55	45	35
tag	151	163	141	120
yiaC	38	31	15	23
bisC	242	254	190	225
yiaD	66	85	42	102
ghrB	824	842	610	646
yiaF	999	931	694	891
yiaG	58	40	39	30
cspA	16392	12691	10783	23701
mokA	0	0	0	0
hokA	0	0	0	0
insJ	4	9	9	24
insK	7	7	4	14
sokA	1	0	0	0
glyS	3385	3690	2863	4424
glyQ	1819	1698	1355	2139
ysaB	11	3	2	2
wecH	26	30	25	22
yiaA	2	0	4	4
yiaB	3	0	0	0
xylB	20	21	12	22
xylA	47	45	42	29
xylF	29	34	25	22
xylG	35	27	17	21
xylH	22	16	16	19
xylR	69	70	57	69
bax	808	521	428	762
malS	115	101	86	48
avtA	314	251	185	338
ysaA	763	937	647	301
yiaJ	111	100	69	114
yiaK	6	10	4	4
yiaL	2	0	0	1
yiaM	1	0	0	1
yiaN	6	2	0	2
yiaO	11	7	4	5
lyxK	15	10	10	9
sgbH	11	6	6	7
sgbU	10	15	13	8
sgbE	10	15	12	9
ysaC	0	0	0	0
ysaD	0	0	0	1
yiaT	7	1	0	1
yiaU	47	41	36	43
yiaV	3	1	5	4
yiaW	2	1	0	1
aldB	324	385	302	188
yiaY	6	2	4	6
selB	1700	1611	1401	1152
selA	1431	1312	1056	762
yibF	163	164	126	126
rhsA	14	18	12	16
yibA	13	15	9	15
rhsJ	18	11	12	15
yibG	1	1	0	0
yibS	0	0	0	0
yibW	0	0	1	1
yibV	0	2	0	0
yibU	0	0	0	0
yibH	15	6	10	0
yibI	6	3	0	0
mtlA	799	811	675	538
mtlD	778	862	658	537
mtlR	219	202	144	143
yibT	186	236	158	83
yibL	243	234	180	282
lldP	432	1011	329	1875
lldR	90	172	66	419
lldD	373	558	297	762
trmL	85	66	56	110
cysE	649	667	429	649
gpsA	2819	2727	2257	2240
secB	2680	2908	2390	2264
grxC	783	743	578	675
yibN	600	582	413	684
gpmM	6253	6839	5393	3812
envC	511	367	325	498
yibQ	119	116	110	148
waaH	17	9	14	15
tdh	4207	4664	3608	2708
kbl	5883	6670	5267	3651
yibB	216	144	70	245
hldD	1419	1380	1048	1271
waaF	742	711	536	844
waaC	271	253	192	316
waaL	327	356	149	476
waaU	213	218	92	230
waaZ	161	137	63	166
waaY	148	134	66	166
waaR	210	165	71	213
waaO	148	146	80	199
waaB	156	157	90	209
waaS	123	149	39	211
waaP	103	100	56	149
waaG	200	210	116	248
waaQ	353	326	211	438
waaA	311	259	194	363
coaD	68	69	68	97
mutM	42	33	28	65
rpmG	160	142	119	228
rpmB	5645	4595	3658	8251
yicR	447	395	350	294
dfp	576	558	406	634
dut	377	336	288	522
slmA	227	196	150	371
pyrE	27	22	17	15
rph	432	296	277	657
yicC	807	810	614	977
dinD	150	152	131	88
yicG	211	172	153	197
ligB	66	63	63	28
gmk	901	706	596	1125
rpoZ	581	453	351	631
spoT	1590	1284	1047	1903
trmH	138	120	117	199
recG	235	293	222	286
gltS	378	322	311	361
xanP	56	46	33	126
yicH	478	421	307	275
yicI	63	72	68	47
yicJ	15	13	13	15
selC	3	2	0	1
yicT	2	1	3	1
setC	2	1	0	2
yicL	107	114	79	114
nlpA	44	53	43	35
yicS	7	4	4	3
nepI	61	37	28	66
yicN	72	51	63	58
adeQ	5	5	4	5
adeD	173	175	179	115
uhpT	13	6	4	5
uhpC	13	8	15	14
uhpB	36	41	32	72
uhpA	83	84	66	124
ilvN	16	12	13	15
ilvB	143	132	115	112
ivbL	36	40	41	27
istR	2	1	0	2
tisB	73	80	66	49
emrD	151	122	76	205
yidF	178	185	204	44
yidG	13	10	9	13
yidH	36	41	36	24
yidI	45	38	31	38
yidJ	20	16	12	5
yidK	8	5	3	8
yidL	9	9	8	5
glvG	15	9	11	6
glvC	7	11	2	7
yidP	6	3	3	4
yidE	862	789	635	306
ibpB	19	10	16	16
ibpA	94	37	48	44
yidQ	313	306	264	162
yidR	276	253	201	185
cbrA	5	2	3	4
dgoT	15	14	15	13
dgoD	36	33	21	13
dgoA	25	20	20	19
dgoK	59	72	46	36
dgoR	80	107	99	80
yidX	40	40	26	27
yidA	769	827	637	621
yidB	23	12	15	22
gyrB	2112	1977	1457	2469
recF	135	128	93	255
dnaN	422	462	403	626
dnaA	1260	987	870	1404
rpmH	875	664	527	1393
rnpA	842	515	365	1509
yidD	159	100	88	333
yidC	2269	2219	1847	4719
mnmE	284	268	232	370
tnaC	3698	4625	3491	2035
tnaA	138502	164880	121537	87324
tnaB	14047	15893	11683	7663
mdtL	166	127	85	129
yidZ	88	56	35	68
yieE	1894	1878	1590	843
chrR	1642	1737	1442	880
adeP	445	311	311	814
yieH	36	44	37	52
cbrB	13	15	7	14
cbrC	33	28	26	12
yieK	11	11	8	10
yieL	9	5	1	2
bglH	3	3	3	2
bglB	6	9	4	6
bglF	100	37	43	52
bglG	2	1	1	2
phoU	149	145	134	120
pstB	130	124	99	98
pstA	51	56	35	35
pstC	38	45	25	34
pstS	69	59	63	53
glmS	3165	3654	2832	3789
glmU	3270	3213	2551	3515
atpC	1858	1862	1535	2400
atpD	7308	7848	5962	10473
atpG	3203	3324	2481	5462
atpA	7131	7665	5826	13272
atpH	1956	2053	1432	3727
atpF	2835	3090	2195	5864
atpE	1093	937	706	1697
atpB	1995	1660	1273	3610
atpI	532	356	269	641
rsmG	119	97	71	177
mnmG	707	559	495	1130
mioC	571	364	266	676
asnC	23	21	22	18
asnA	154	193	146	172
viaA	1032	938	740	538
ravA	1867	1836	1545	763
kup	240	212	164	239
rbsD	263	188	197	126
rbsA	468	450	333	231
rbsC	741	689	594	472
rbsB	5245	5915	4747	3118
rbsK	1144	1168	870	855
rbsR	191	130	114	103
hsrA	389	301	264	141
yieP	1041	1134	926	553
rrsC	40	105	30	33
gltU	0	0	0	0
rrlC	13	29	8	10
rrfC	0	0	0	0
aspT	2	1	2	2
trpT	3	0	1	0
hdfR	246	249	210	178
yifE	286	212	170	212
yifB	59	56	49	55
ilvL	29	17	28	17
ilvX	1	0	2	1
ilvG	134	134	98	90
ilvM	2	1	0	4
ilvE	165	175	124	114
ilvD	169	170	117	122
ilvA	142	124	95	102
ilvY	104	84	54	60
ilvC	157	158	155	115
ppiC	138	126	103	110
yifN	39	36	38	19
rep	287	235	195	395
gpp	1181	1128	925	1353
rhlB	2599	2528	1953	2834
trxA	1894	1701	1411	1699
rho	3733	3152	2318	5819
wecA	1236	908	684	1036
wzzE	584	583	429	578
wecB	369	383	248	491
wecC	414	483	376	610
rffG	347	314	298	462
rffH	330	303	236	363
wecD	75	101	73	142
wecE	363	326	302	367
wzxE	241	185	167	256
wecF	170	159	99	214
wzyE	83	77	65	124
wecG	104	84	67	101
yifK	126	117	101	160
argX	29	8	13	14
hisR	82	25	29	40
leuT	68	29	21	45
proM	4	1	0	1
aslB	43	49	27	37
aslA	47	41	39	31
glmZ	78	91	104	104
hemY	1420	1545	1256	1024
hemX	1328	1313	1095	996
hemD	537	537	368	389
hemC	1602	1772	1398	1108
cyaA	1935	1804	1457	1738
cyaY	69	49	37	49
yifL	177	170	156	113
dapF	593	597	441	543
yigA	444	408	289	374
xerC	362	361	285	370
yigB	205	202	141	177
uvrD	799	742	617	865
yigE	18	16	15	15
corA	358	272	193	435
yigF	12	5	7	8
yigG	4	2	0	2
rarD	63	52	33	108
yigI	11	9	10	26
pldA	289	248	185	355
recQ	439	313	258	500
rhtC	212	170	153	137
rhtB	35	24	21	19
pldB	510	414	377	368
yigL	281	290	218	267
yigM	67	58	43	70
metR	21	21	16	35
metE	190	185	141	155
ysgA	143	144	106	94
udp	3808	4094	3725	1994
rmuC	345	336	296	227
ubiE	1344	1275	1007	1171
ubiJ	327	327	230	351
esrE	0	0	0	0
ubiB	1128	1102	758	958
tatA	820	872	654	557
tatB	929	885	681	823
tatC	831	711	552	742
tatD	132	149	103	147
rfaH	110	73	60	114
ubiD	2188	2090	1696	1668
fre	1104	903	723	881
fadA	70	120	45	120
fadB	66	182	59	208
pepQ	2089	2368	1895	1531
yigZ	485	508	381	351
trkH	470	397	319	417
hemG	173	148	118	148
rrsA	0	0	0	0
ileT	0	0	0	0
alaT	3	2	1	1
rrlA	51	103	29	28
rrfA	0	0	0	0
mobB	28	23	21	21
mobA	73	68	70	42
yihD	382	442	320	256
srkA	489	356	221	447
dsbA	712	703	577	847
yihF	18	7	10	13
yihG	55	33	20	70
polA	2637	2917	2228	1939
spf	19	13	20	7
yihA	706	777	593	819
csrC	331	419	408	263
yihI	222	194	188	247
hemN	619	622	495	576
yshB	116	105	67	78
glnG	296	332	281	303
glnL	250	255	220	345
glnA	3372	3535	2739	4653
typA	3233	3131	2634	7463
yihL	51	50	30	43
yihM	71	61	43	43
yihN	27	23	14	25
ompL	0	1	0	1
yihO	2	3	1	2
yihP	12	10	4	9
yihQ	5	8	5	4
yihR	1	4	0	2
yihS	36	35	33	28
yihT	19	21	14	14
yihU	4	3	9	5
yihV	38	47	34	19
yihW	141	121	88	85
yihX	609	759	542	346
yihY	333	323	253	240
dtd	262	272	197	205
yiiD	357	302	259	267
yiiE	1	2	1	1
yiiF	31	20	19	24
fdhE	1816	1753	1329	1722
fdoI	2475	2938	2160	2105
fdoH	4460	4913	3867	4026
fdoG	18035	19116	15441	15086
fdhD	230	227	210	176
yiiG	19	13	17	21
frvR	11	16	10	7
frvX	26	26	25	19
frvB	20	13	12	11
frvA	4	1	3	0
rhaM	7	5	4	2
rhaD	4	3	7	10
rhaA	14	6	5	6
rhaB	12	10	3	8
rhaS	12	15	14	9
rhaR	40	35	27	9
rhaT	11	13	9	10
sodA	3014	3267	2720	4672
kdgT	23	32	21	25
yiiM	276	289	218	180
cpxA	641	674	500	572
cpxR	506	574	449	446
cpxP	486	404	318	297
fieF	418	324	259	302
pfkA	3796	4122	3256	2464
sbp	36	17	12	26
cdh	84	30	34	64
tpiA	5309	5888	4758	3782
yiiQ	70	58	48	81
yiiR	41	27	11	32
yiiS	136	164	111	86
uspD	175	223	149	116
fpr	285	278	263	404
glpX	1642	1421	1236	1156
glpK	24947	27823	22067	14614
glpF	5248	5645	4460	2765
zapB	1243	1395	1138	755
rraA	2377	2341	2070	1073
menA	148	130	84	165
hslU	922	906	652	912
hslV	332	335	259	289
ftsN	397	313	261	378
cytR	281	287	166	229
priA	192	176	141	255
rpmE	2864	2561	2318	2497
yiiX	65	54	44	61
metJ	323	262	248	359
metB	90	80	61	101
metL	287	296	262	425
metF	36	17	15	26
katG	9121	10708	8403	5937
yijE	101	109	71	71
yijF	9	4	2	6
gldA	3183	3673	3155	1722
fsaB	243	238	204	149
frwA	324	327	312	150
frwC	14	22	12	4
frwB	5	7	9	5
pflD	76	58	56	34
pflC	11	15	14	5
frwD	2	3	2	1
yijO	87	87	66	68
eptC	244	228	175	445
ppc	2800	2861	2279	2152
argE	257	205	175	177
argC	29	30	22	54
argB	37	49	24	68
argH	109	116	99	133
oxyS	1	0	0	1
oxyR	1530	1580	1266	998
sthA	2284	2402	1736	2030
fabR	677	724	646	546
yijD	800	905	575	552
trmA	466	390	271	577
btuB	786	853	635	924
murI	564	532	392	426
rrsB	0	0	0	0
gltT	70	36	32	88
rrlB	1	0	0	0
rrfB	0	0	0	0
murB	305	271	192	338
birA	157	147	97	175
coaA	308	293	188	362
thrU	5	2	1	3
tyrU	265	144	129	230
glyT	269	156	117	309
thrT	153	121	78	254
tufB	6087	6493	4996	7660
secE	1182	907	717	1543
nusG	1134	1022	852	1849
rplK	4764	4294	3126	9083
rplA	10798	10515	7871	20405
rplJ	16240	15869	11397	28089
rplL	10664	10448	7393	17220
rpoB	8348	8308	6333	17463
rpoC	13748	14031	11093	20628
yjaZ	46	26	22	24
sroH	10	6	8	13
thiH	20	27	19	26
thiG	11	18	14	16
thiS	0	1	0	1
thiF	15	8	12	8
thiE	8	14	2	14
thiC	50	59	45	61
rsd	282	275	227	148
nudC	136	122	87	142
hemE	760	825	622	690
nfi	270	293	186	286
yjaG	415	470	340	472
hupA	2907	3378	2829	1898
yjaH	160	145	115	150
zraP	48	53	41	23
zraS	228	260	232	99
zraR	98	131	83	72
purD	164	146	126	293
purH	229	231	181	457
rrsE	0	0	0	0
gltV	0	0	0	0
rrlE	0	0	0	0
rrfE	0	0	0	0
yjaA	6	8	3	5
yjaB	19	21	23	20
metA	21	22	11	7
aceB	552	955	411	687
aceA	923	1394	835	947
aceK	186	235	130	199
arpA	7	9	3	14
iclR	460	371	301	430
metH	1804	1927	1470	1376
yjbB	225	230	148	196
pepE	1266	1295	1040	762
rluF	186	160	126	190
yjbD	295	256	211	176
lysC	217	179	135	143
pgi	3788	4461	3500	3304
yjbE	2	5	4	0
yjbF	1	1	0	1
yjbG	0	1	1	2
yjbH	17	9	15	9
yjbT	5	1	0	1
psiE	7	7	5	4
xylE	16	8	9	8
malG	232	227	217	158
malF	618	622	439	285
malE	2830	3044	2314	1564
malK	644	656	481	294
lamB	2399	2674	2121	1422
malM	596	671	478	397
yjbI	1	1	1	3
ubiC	123	122	88	128
ubiA	292	305	219	273
plsB	2047	2009	1675	2021
dgkA	134	134	132	152
lexA	1688	1834	1446	1290
dinF	173	164	135	203
yjbJ	98	105	76	46
zur	412	368	362	318
yjbL	0	0	0	0
yjbM	1	2	1	2
dusA	323	239	185	451
pspG	9	8	2	10
qorA	664	743	633	327
dnaB	616	532	422	780
alr	327	317	245	404
tyrB	498	572	410	414
yjbS	0	0	0	1
aphA	2510	2621	1820	1282
yjbQ	261	322	260	177
yjbR	194	227	157	137
uvrA	1571	1517	1110	1437
ssb	928	955	735	820
yjcB	29	13	17	50
yjcC	30	27	25	21
soxS	28	31	20	174
soxR	26	22	18	13
ryjA	2	0	1	1
ghxP	57	49	43	177
yjcE	424	428	325	250
yjcF	5	0	2	1
actP	44	90	29	49
yjcH	4	10	6	11
acs	92	245	88	237
nrfA	5952	7125	5553	3102
nrfB	1233	1404	1130	723
nrfC	1176	1292	1046	682
nrfD	1294	1449	1123	850
nrfE	351	276	253	228
nrfF	21	13	8	15
nrfG	58	66	53	44
gltP	391	384	262	472
yjcO	172	205	146	156
fdhF	1964	2237	1728	1084
mdtP	4	7	5	4
mdtO	11	4	18	9
mdtN	9	1	3	2
ytcA	0	0	0	0
yjcS	1	3	2	3
alsK	24	26	18	13
alsE	10	10	8	9
alsC	11	11	14	3
alsA	17	18	7	12
alsB	47	72	35	43
alsR	184	204	161	155
rpiB	9	8	6	11
yjdP	14	14	5	10
phnP	18	12	14	16
phnO	17	16	18	24
phnN	6	2	4	5
phnM	4	11	7	5
phnL	11	23	19	23
phnK	2	1	3	1
phnJ	3	1	1	1
phnI	4	2	1	1
phnH	3	0	1	2
phnG	3	1	4	1
phnF	2	2	0	4
phnE	3	3	3	1
phnD	0	1	0	3
phnC	1	1	1	3
yjdN	7	15	9	5
yjdM	221	195	133	255
crfC	56	49	47	38
yjcZ	10	7	6	11
proP	1408	1355	1052	1856
pmrR	5	3	2	1
basS	175	149	141	143
basR	234	228	188	135
eptA	14	16	8	12
adiC	58	64	45	38
adiY	221	215	179	133
adiA	113	61	57	85
melR	137	171	123	48
melA	97	93	98	53
melB	64	40	37	45
yjdF	18	20	15	15
fumB	742	807	699	553
dcuB	778	843	623	399
dcuR	263	238	168	156
dcuS	278	254	188	249
yjdI	15	8	8	3
yjdJ	44	61	34	31
ghoS	109	123	84	36
ghoT	24	40	26	27
lysU	4861	5485	4085	3566
dtpC	24	24	16	31
cadA	19	18	10	12
cadB	2	1	3	1
cadC	63	68	40	51
yjdQ	0	0	0	1
pheU	1	3	0	1
yjdC	180	193	147	164
dsbD	295	261	216	315
cutA	87	68	58	59
dcuA	14048	15383	12474	9041
aspA	45486	49644	39402	25652
fxsA	104	79	55	67
yjeH	61	33	27	38
groS	1044	1068	786	848
groL	4597	5107	3784	4228
yjeI	774	921	675	480
yjeJ	79	40	53	54
epmB	238	185	138	338
efp	1606	1456	1101	2324
ecnA	23	29	21	56
ecnB	54	60	41	58
sugE	108	73	51	70
blc	139	123	101	64
ampC	353	248	155	366
frdD	3446	3932	3097	2233
frdC	3377	3855	2871	2521
frdB	7264	8413	6493	5077
frdA	30011	33555	27808	18031
epmA	132	111	77	208
yjeM	62	54	41	70
yjeN	10	9	7	9
yjeO	11	11	4	9
mscM	327	291	255	350
psd	672	607	469	731
rsgA	902	800	628	867
orn	355	334	264	310
glyV	106	52	52	51
glyX	73	23	19	49
glyY	23	4	2	6
yjeV	4	1	0	1
queG	295	209	176	237
nnr	222	222	157	147
tsaE	49	69	40	56
amiB	250	199	161	223
mutL	554	440	332	455
miaA	1739	1894	1376	1603
hfq	1787	1698	1387	1290
hflX	1902	1726	1360	1767
hflK	2735	2796	2250	2776
hflC	1547	1741	1366	1624
yjeT	15	15	11	17
purA	9217	9727	7232	7648
nsrR	120	100	72	140
rnr	2642	3083	2331	2352
rlmB	535	521	408	561
yjfI	3	3	1	5
yjfJ	5	5	7	15
yjfK	0	1	0	3
yjfL	0	2	0	2
yjfM	5	1	1	2
yjfC	7	6	3	4
aidB	38	44	32	25
yjfN	1167	1524	1250	371
bsmA	2066	2555	2279	605
yjfP	119	111	106	75
ulaR	96	104	70	65
ulaG	19	19	25	12
ulaA	18	37	21	23
ulaB	6	9	12	3
ulaC	22	19	18	17
ulaD	36	42	20	27
ulaE	49	40	27	42
ulaF	28	34	31	16
yjfY	3	2	1	0
rpsF	5346	4385	3736	10346
priB	2545	2347	1862	5560
rpsR	1781	1499	1080	3548
rplI	4632	4269	3644	8662
yjfZ	17	13	5	24
ytfA	2	1	0	4
ytfB	497	438	389	318
fklB	675	672	560	749
cycA	228	258	183	344
ytfE	169	182	166	81
ytfF	36	27	24	32
qorB	77	101	76	55
ytfH	18	17	9	16
cpdB	846	969	765	657
cysQ	409	413	338	239
ytfI	8	2	3	3
ytfJ	113	99	75	97
ytfK	1347	1598	1395	466
ytfL	222	142	85	207
msrA	398	395	314	207
tamA	403	375	222	299
tamB	556	562	469	518
ytfP	251	169	170	167
chpS	9	7	5	6
chpB	23	27	19	15
ppa	3373	3517	2668	4416
ytfQ	62	73	57	45
ytfR	38	35	25	28
ytfT	18	20	13	3
yjfF	26	23	17	12
fbp	1142	1345	921	1149
mpl	1024	1036	774	1104
yjgA	527	518	349	682
pmbA	963	879	717	753
cybC	121	77	69	88
nrdG	41	50	45	45
nrdD	1042	952	723	698
treC	441	407	324	286
treB	565	590	480	346
treR	49	50	62	47
mgtL	12	11	7	17
mgtA	107	118	99	236
ridA	3097	3426	2969	2154
pyrI	119	115	106	92
pyrB	145	194	171	155
pyrL	4	2	2	1
yjgH	14	17	4	15
bdcA	20	15	13	20
bdcR	33	31	30	28
tabA	287	346	253	192
yjgL	17	15	5	18
argI	6	7	6	12
rraB	1733	1906	1681	1453
yjgM	31	30	24	24
yjgN	3	1	1	6
valS	1948	2077	1570	2665
holC	175	164	127	194
pepA	1545	1598	1262	1486
lptF	262	245	162	308
lptG	378	372	307	375
yjgR	66	76	62	71
idnR	32	22	24	29
idnT	43	31	20	17
idnO	24	18	18	10
idnD	23	30	18	16
idnK	19	25	20	8
ahr	139	158	176	112
leuX	2	1	0	2
intB	136	125	77	128
yjgX	100	78	54	63
yjgZ	7	3	6	3
insG	79	71	47	72
yjhB	33	36	13	27
yjhC	150	210	133	141
ythA	0	0	0	0
yjhD	3	2	1	0
yjhE	2	1	1	1
insO	19	12	8	8
insM	4	3	3	3
yjhV	6	5	3	17
fecE	51	44	25	101
fecD	56	61	51	118
fecC	57	39	39	131
fecB	110	100	73	368
fecA	327	376	260	1188
fecR	12	10	11	39
fecI	4	8	4	20
yjhU	424	386	315	268
yjhF	25	13	15	17
yjhG	138	121	143	79
yjhH	44	34	28	21
yjhI	8	14	7	7
sgcR	23	19	17	17
sgcE	22	23	15	19
sgcA	19	20	16	14
ryjB	1	1	0	0
sgcQ	44	38	23	20
sgcC	23	29	21	10
sgcB	4	5	2	2
sgcX	68	54	42	28
yjhY	52	76	64	46
yjhP	92	77	66	68
yjhQ	50	45	47	51
yjhX	29	25	25	25
yjhZ	8	3	2	5
yjhR	8	8	4	7
nanS	20	14	8	6
nanM	41	26	16	31
nanC	15	21	6	7
fimB	69	68	35	40
fimE	14	7	6	6
fimA	5349	5753	4033	5028
fimI	176	202	161	227
fimC	137	135	63	203
fimD	112	119	83	258
fimF	11	14	18	29
fimG	26	16	8	21
fimH	39	39	41	77
gntP	79	83	68	61
uxuA	292	349	267	231
uxuB	275	321	252	210
uxuR	241	204	193	175
yjiC	0	1	3	2
iraD	90	73	59	41
hypT	93	88	74	89
iadA	328	331	248	336
yjiG	2	4	11	1
yjiH	7	2	1	3
kptA	51	54	36	28
yjiJ	23	20	14	13
yjiK	27	14	15	15
yjiL	50	36	27	30
yjiM	195	196	143	93
yjiN	91	84	63	70
mdtM	108	105	82	66
yjiP	34	38	33	26
yjiR	30	40	24	39
yjiS	4	2	0	0
yjiT	719	664	390	501
yjiV	137	113	76	105
mcrC	65	59	31	59
mcrB	205	216	118	222
symE	5	6	1	6
symR	0	0	0	0
hsdS	158	186	88	225
hsdM	440	464	338	571
hsdR	4285	4182	3367	2672
mrr	238	222	210	137
yjiA	504	519	392	512
yjiX	35	27	35	37
yjiY	2126	2307	2050	3730
tsr	41	48	37	28
lgoT	62	70	46	46
lgoR	106	124	73	42
lgoD	0	4	3	4
opgB	348	267	214	380
yjjA	92	79	66	110
dnaC	146	123	81	136
dnaT	100	88	68	117
yjjB	78	43	53	27
yjjP	221	201	186	75
yjjQ	0	1	1	0
bglJ	2	3	1	2
fhuF	7	20	8	63
yjjZ	2	1	0	11
leuV	8	2	2	0
leuP	41	13	13	30
leuQ	40	15	19	33
rsmC	319	278	214	475
holD	117	85	58	139
rimI	90	67	48	127
yjjG	123	113	85	210
prfC	742	716	638	1375
osmY	263	310	250	220
ytjA	40	40	36	26
yjjU	16	20	12	17
yjjV	140	87	87	66
yjjW	1451	1449	1229	763
yjjI	4046	4304	3602	2042
deoC	748	736	631	383
deoA	1138	1282	1061	602
deoB	3893	4239	3430	2588
deoD	2923	3249	2600	2219
yjjJ	120	115	112	94
lplA	158	163	127	154
ytjB	67	65	50	63
serB	199	206	134	294
radA	263	281	215	371
nadR	201	215	177	185
ettA	1524	1614	1269	1864
slt	564	579	429	405
trpR	68	61	55	48
yjjX	101	91	73	75
ytjC	173	136	134	175
rob	1796	1642	1341	1140
creA	66	94	56	82
creB	68	97	68	99
creC	55	31	38	44
creD	10	13	5	8
arcA	3847	3768	2745	2515
yjjY	284	275	212	178
yjtD	110	117	71	98
