gene	WT untr 1	WT untr 2	WT untr 3
thrL	20	18	22
thrA	29088	23517	23936
thrB	4799	4222	3781
thrC	3386	3158	2720
yaaX	23	25	33
yaaA	283	239	231
yaaJ	17	10	30
talB	10479	9565	9197
mog	399	310	304
yaaH	20	17	17
yaaW	8	7	21
yaaI	0	0	1
dnaK	37248	26390	27791
dnaJ	1880	1421	1656
insL1a	2	0	1
mokC	13	24	22
hokC	0	0	0
sokC	2	0	0
nhaA	454	370	451
nhaR	162	168	167
insB1a	0	0	0
insAa	0	0	0
rpsT	7342	5686	5251
yaaY	0	4	1
ribF	1406	1181	1254
ileS	8154	6438	7016
lspA	285	209	268
fkpB	460	311	378
ispH	412	405	427
rihC	176	133	143
dapB	273	276	202
carA	12258	13770	7384
carB	13211	18218	7974
caiF	40	60	33
caiE	4	4	0
caiD	8	3	1
caiC	31	21	9
caiB	80	59	82
caiA	23	14	21
caiT	2	4	9
fixA	12	6	4
fixB	16	6	22
fixC	10	14	9
fixX	5	0	7
yaaU	14	15	19
kefF	61	36	41
kefC	208	138	181
folA	362	385	339
apaH	262	254	288
apaG	25	13	32
rsmA	199	165	162
pdxA	206	197	150
surA	8659	6353	8126
lptD	7878	6382	6781
djlA	97	85	85
yabP	215	249	321
rluA	108	46	79
rapA	1321	972	1114
polB	117	104	98
araD	0	1	4
araA	12	3	19
araB	5	6	16
araC	51	39	60
yabI	68	58	54
thiQ	162	126	112
thiP	397	372	438
thiB	1486	1351	1307
sgrR	142	102	108
sgrS	3	1	4
sgrT	0	0	0
setA	99	78	59
leuD	3981	2465	3984
leuC	10247	7001	9842
leuB	9342	6738	8915
leuA	6011	4075	6007
leuL	12	6	14
leuO	11	8	17
ilvI	2708	2147	2611
ilvH	933	872	827
cra	449	453	514
mraZ	875	824	834
rsmH	877	653	938
ftsL	179	133	191
ftsI	377	321	316
murE	873	811	869
murF	1320	1118	1358
mraY	670	652	711
murD	1064	946	912
ftsW	399	312	358
murG	267	221	241
murC	733	581	587
ddlB	2107	1560	1634
ftsQ	1065	853	997
ftsA	3191	2839	3019
ftsZ	7180	5813	6672
lpxC	4818	3764	4152
secM	222	174	195
secA	4216	3516	3767
mutT	79	70	80
yacG	74	57	86
zapD	300	284	249
coaE	260	206	260
guaC	1865	1674	2018
hofC	18	11	10
hofB	10	5	5
ppdD	0	0	3
nadC	288	263	249
ampD	27	27	45
ampE	130	68	74
aroP	1714	1447	1526
pdhR	1277	1362	1017
aceE	21728	20685	15138
aceF	2191	2031	1414
lpd	10842	10475	8630
yacH	11	2	3
acnB	22221	22726	17690
yacL	239	276	279
speD	1560	1456	1054
speE	1258	1257	917
yacC	132	85	108
cueO	549	385	310
gcd	1865	1349	2075
hpt	459	458	413
can	1579	1498	1512
yadG	578	532	556
yadH	394	274	335
yadI	55	27	66
yadE	3	12	18
panD	344	321	338
yadD	43	22	43
panC	2283	1800	2130
panB	486	493	415
yadC	9	8	10
yadK	3	0	1
yadL	36	30	37
yadM	13	4	13
htrE	3	9	7
yadV	0	0	0
yadN	0	2	0
folK	28	20	32
pcnB	1701	1297	1391
gluQ	72	59	70
dksA	1540	1052	1630
sfsA	304	214	438
ligT	177	136	162
hrpB	440	331	402
mrcB	1015	856	927
fhuA	3635	3056	3366
fhuC	256	205	255
fhuD	169	162	162
fhuB	213	234	234
hemL	601	504	660
clcA	319	231	339
erpA	881	912	786
yadS	85	47	56
btuF	55	54	50
mtn	1319	1415	1343
dgt	504	347	531
degP	1672	1079	1187
cdaR	49	57	68
yaeH	51	30	80
yaeI	18	23	18
dapD	988	1100	905
glnD	886	636	887
map	1102	1304	1096
tff	348	311	247
rpsB	20801	19303	14194
tsf	13821	14287	10923
pyrH	2379	1734	1721
frr	6800	8313	5923
dxr	387	307	300
ispU	488	453	387
cdsA	393	309	350
rseP	1943	1623	1751
bamA	6154	5118	5242
skp	1021	1030	958
lpxD	2204	1980	2021
fabZ	2266	1806	1866
lpxA	1440	1246	1300
lpxB	660	465	534
rnhB	465	344	322
dnaE	2253	2109	1964
accA	2249	2162	1995
ldcC	172	104	200
yaeR	96	104	124
tilS	585	475	464
rof	54	19	35
yaeP	454	328	586
yaeQ	115	178	134
arfB	71	51	44
nlpE	67	80	67
yaeF	7	8	0
proS	5654	5405	4903
tsaA	114	89	101
rcsF	442	381	399
metQ	33859	25996	33288
metI	3245	2373	3179
metN	4328	3421	3927
gmhB	166	157	168
rrsH	36	284	101
ileV	0	0	0
alaV	0	0	0
rrlH	124	599	227
rrfH	0	0	0
aspU	0	0	0
dkgB	123	91	140
yafC	167	80	134
yafD	548	399	478
yafE	9	17	8
mltD	508	436	384
gloB	61	42	57
yafS	55	58	76
rnhA	99	122	105
dnaQ	791	484	668
aspV	0	0	0
yafT	11	10	12
ykfM	0	0	0
yafU	7	0	0
yafF	0	0	0
yafV	66	55	58
ivy	357	350	332
fadE	731	581	820
gmhA	262	188	225
yafJ	269	211	323
yafK	283	192	408
yafQ	645	438	459
dinJ	72	54	55
yafL	4	3	3
rayT	7	7	9
lfhA	2	9	6
lafU	7	1	6
dinB	148	122	149
yafN	10	15	22
yafO	59	29	53
yafP	14	10	11
ykfJ	0	0	0
prfH	4	0	0
pepD	1908	1511	1755
gpt	406	344	313
frsA	351	253	353
crl	34	38	46
phoE	71	37	65
proB	1407	1184	1314
proA	602	485	575
thrW	10	5	0
ykfN	0	0	1
ykfI	4	2	1
yafW	0	0	2
ykfH	0	0	0
ykfG	0	0	0
yafX	0	0	0
ykfF	0	0	0
ykfB	1237	780	1068
yafY	36	23	26
ykfL	18	14	22
ykfK	0	1	0
yafZ	6	1	8
ykfA	41	32	27
perR	16	8	17
insN	52	46	65
insI1a	79	60	66
eyeA	15	12	13
ykfC	43	42	56
insH1a	0	0	1
mmuP	1664	1099	1588
mmuM	920	601	895
afuC	7	2	5
afuB	0	0	0
insB1b	0	0	0
insAb	0	0	0
insI1b	0	0	0
insX	53	41	43
yagB	104	82	88
yagA	5	3	10
yagE	27	34	35
yagF	36	34	37
yagG	47	22	60
yagH	64	39	55
yagI	230	278	195
argF	2400	3798	1611
ykgS	0	1	0
insB1c	0	0	0
insAc	0	0	0
yagJ	30	25	47
yagK	38	20	17
yagL	23	6	14
yagM	3	1	1
yagN	232	225	238
intF	223	187	192
ptwF	0	0	0
yagP	11	3	6
ykgT	0	0	0
paoD	7	24	21
paoC	43	32	64
paoB	8	0	5
paoA	3	3	4
yagU	763	723	991
ykgJ	81	59	96
ecpE	8	5	5
ecpD	62	43	48
ecpC	33	15	11
ecpB	6	2	1
ecpA	35	45	41
ecpR	16	11	9
ykgL	0	1	0
ykgO	10	7	8
ykgM	9	4	12
ykgR	0	0	0
ykgP	0	0	0
eaeH	0	1	0
insE1a	0	0	0
insF1a	0	0	0
ykgA	10	5	12
ykgQ	0	0	0
ykgB	8	7	13
ykgI	2	6	1
ykgC	44	29	47
ykgD	8	14	14
ykgE	17	30	23
ykgF	51	33	84
ykgG	92	78	86
ykgH	0	0	3
betA	315	209	292
betB	406	359	399
betI	59	55	46
betT	184	155	126
yahA	560	462	553
yahB	5	5	1
yahC	53	28	64
yahD	6	14	15
yahE	3	1	0
yahF	19	10	12
yahG	23	2	12
yahI	14	2	10
yahJ	233	158	210
yahK	326	273	455
yahL	2	1	1
yahM	0	3	2
yahN	4	3	4
yahO	605	413	1096
prpR	28	18	38
prpB	0	1	0
prpC	1	4	2
prpD	3	2	6
prpE	4	5	4
codB	1873	2524	1086
codA	1633	2159	957
cynR	28	36	47
cynT	0	0	1
cynS	20	22	13
cynX	20	12	9
lacA	7	5	1
lacY	20	8	13
lacZ	26	30	33
lacI	128	140	133
mhpR	214	206	280
mhpA	7	11	13
mhpB	10	9	17
mhpC	15	24	25
mhpD	25	18	29
mhpF	14	5	7
mhpE	55	39	63
mhpT	13	15	15
yaiL	161	138	126
frmB	1736	1942	1075
frmA	3388	3918	2149
frmR	1789	2048	1077
yaiO	12	8	5
yaiX	7	2	9
insC1a	0	0	0
insD1a	0	1	0
yaiP	11	11	13
yaiS	0	0	0
tauA	77	58	45
tauB	68	70	53
tauC	11	16	14
tauD	2	7	8
hemB	968	945	896
yaiT	98	76	65
insF1b	7	4	4
insE1b	0	0	0
yaiV	3	0	0
ampH	88	85	105
sbmA	76	72	72
yaiW	120	127	153
yaiY	2	0	0
yaiZ	77	46	65
ddlA	141	125	153
iraP	261	178	319
phoA	125	98	155
psiF	38	33	84
yaiC	4	3	13
proC	150	127	188
yaiI	69	45	58
aroL	298	308	232
yaiA	121	98	116
aroM	52	42	51
yaiE	35	35	42
ykiA	13	6	13
rdgC	833	766	646
mak	132	142	154
araJ	72	54	71
sbcC	262	152	185
sbcD	157	157	172
phoB	284	162	251
phoR	128	77	122
brnQ	333	278	311
proY	366	287	280
malZ	143	113	119
acpH	121	116	119
queA	1093	852	769
tgt	1303	1013	949
yajC	1268	1339	1255
secD	3520	3151	3003
secF	1032	1010	949
yajD	92	67	91
tsx	6288	6212	5060
yajI	3	17	15
nrdR	180	198	204
ribD	460	366	388
ribE	1185	1341	1075
nusB	466	416	424
thiL	770	712	727
pgpA	246	167	235
yajO	201	141	270
dxs	350	285	210
ispA	671	619	577
xseB	216	201	163
thiI	1194	933	983
yajL	131	87	104
panE	154	122	129
yajQ	588	427	498
yajR	126	143	103
cyoE	1312	1324	1128
cyoD	697	568	520
cyoC	3556	3625	2710
cyoB	8732	8082	6549
cyoA	4666	4714	3568
ampG	456	354	343
yajG	1688	1044	1248
bolA	238	139	372
tig	8261	8698	6490
clpP	3440	2931	3178
clpX	2851	2254	2914
lon	9261	7797	8015
hupB	1481	1435	1927
ppiD	1111	984	1189
ybaV	6	4	12
fadM	0	1	3
queC	211	233	259
ybaE	28	21	23
cof	33	27	61
ybaO	29	18	20
mdlA	124	84	126
mdlB	21	31	38
glnK	58	105	68
amtB	232	413	234
tesB	114	99	89
ybaY	80	45	89
ybaZ	52	36	37
ffs	0	0	1
ybaA	6	2	7
ylaB	60	46	67
ylaC	331	359	309
maa	35	27	28
hha	176	161	187
tomB	160	85	135
acrB	4484	3502	4186
acrA	2143	1669	1953
acrR	183	160	147
mscK	867	575	694
ybaM	18	9	21
priC	99	70	80
ybaN	69	61	63
apt	797	868	788
dnaX	548	396	480
ybaB	1409	1238	1048
recR	840	637	649
htpG	13740	10194	9551
adk	573	822	619
hemH	118	69	95
aes	7	14	14
gsk	375	344	243
ybaL	707	624	632
fsr	275	157	262
ushA	588	412	573
ybaK	262	247	228
chiX	2	4	1
ybaP	31	27	24
ybaQ	176	132	171
copA	1079	824	501
glsA	11	9	8
ybaT	20	25	16
cueR	166	118	108
ybbJ	21	15	20
qmcA	201	180	248
ybbL	41	34	20
ybbM	31	39	27
ybbN	1204	694	935
ybbO	237	204	260
tesA	238	154	239
ybbA	45	43	46
ybbP	72	56	75
rhsD	69	42	50
ybbC	16	16	22
ylbH	6	20	15
ybbD	0	0	3
ylbI	0	0	0
ylbG	42	35	39
mnmH	50	41	41
allS	2	2	2
allA	41	38	39
allR	789	618	750
gcl	29	17	26
hyi	8	9	21
glxR	14	3	8
ybbW	2	0	2
allB	9	2	10
ybbY	0	10	5
glxK	27	17	12
ylbA	45	36	62
allC	75	48	69
allD	0	2	2
fdrA	0	0	0
ylbE	2	4	7
ylbF	3	2	6
ybcF	6	11	5
purK	1785	1851	1547
purE	616	483	478
lpxH	237	182	165
ppiB	3613	3494	3403
cysS	2209	2188	1910
ybcI	8	3	1
ybcJ	75	75	94
folD	1441	1559	1370
sfmA	1	1	4
sfmC	3	0	0
sfmD	10	3	4
sfmH	3	0	3
sfmF	0	1	1
fimZ	9	3	2
argU	0	0	0
intD	200	138	189
xisD	3	3	4
exoD	3	2	2
peaD	13	3	4
renD	30	7	10
insE1c	0	0	0
insF1c	0	0	0
emrE	37	18	30
ybcK	8	4	6
ybcL	43	46	60
ybcM	10	4	12
ylcH	0	0	3
ybcN	1	0	0
ninE	0	0	0
ybcO	0	0	0
rusA	1	0	0
ylcG	0	0	1
quuD	0	3	3
nmpC	15009	13768	11728
insH1b	0	0	0
essD	3	0	0
rrrD	12	6	7
rzpD	0	4	5
rzoD	0	0	0
borD	59	58	45
ybcV	0	0	0
ybcW	31	18	30
ylcI	7	0	0
nohD	0	3	1
aaaD	0	0	0
tfaD	0	0	2
ybcY	14	11	17
tfaX	1	0	2
appY	50	17	45
ompT	24076	20571	18325
pauD	5	0	1
envY	35	26	27
ybcH	42	45	44
nfrA	98	112	111
nfrB	65	29	42
cusS	85	74	66
cusR	217	183	159
cusC	162	40	2
cusF	47	10	5
cusB	73	22	10
cusA	109	54	27
pheP	332	283	286
ybdG	116	103	109
nfsB	272	232	231
ybdF	75	47	91
ybdJ	16	9	26
ybdK	59	29	65
sokE	0	0	0
hokE	1	1	1
insL1b	0	0	0
entD	121	62	111
fepA	1715	1320	1906
fes	280	245	266
ybdZ	33	38	55
entF	1536	875	1831
fepE	13	2	5
fepC	158	143	138
fepG	121	104	116
fepD	94	133	79
entS	341	278	262
fepB	129	117	149
entC	1645	1187	1508
entE	880	531	991
entB	758	528	794
entA	533	440	715
entH	271	125	239
cstA	1905	1715	1831
ybdD	38	38	25
ybdH	2297	1404	2066
ybdL	2080	934	1702
ybdM	11	9	5
ybdN	10	18	15
ybdO	11	9	10
dsbG	110	58	100
ahpC	28781	16137	24328
ahpF	1569	1149	1585
uspG	244	148	293
ybdR	54	38	55
rnk	44	30	47
rna	143	88	163
citT	3	9	3
citG	0	0	0
citX	0	0	0
citF	5	14	22
citE	2	0	1
citD	3	0	1
citC	0	0	0
dpiB	51	61	74
dpiA	28	18	29
dcuC	3	17	12
pagP	2	1	5
cspE	492	338	363
crcB	13	15	9
ybeM	52	63	83
tatE	145	150	170
lipA	672	642	635
ybeF	2	2	1
lipB	166	163	134
ybeD	748	489	639
dacA	2274	2344	2118
rlpA	431	358	337
mrdB	1299	965	979
mrdA	983	846	774
rlmH	178	187	137
rsfS	397	343	257
cobC	115	78	104
nadD	53	73	47
holA	636	483	565
lptE	773	649	691
leuS	6892	6051	6155
ybeL	274	154	408
ybeQ	3	5	5
ybeR	2	1	0
djlB	2	2	2
ybeT	3	2	4
ybeU	1	0	5
djlC	19	23	11
hscC	3	12	6
rihA	124	100	99
gltL	293	267	321
gltK	148	92	126
gltJ	375	294	333
gltI	3226	2590	2738
insH1c	1	2	5
lnt	369	400	356
ybeX	1845	1676	1588
ybeY	116	118	154
ybeZ	1164	914	1110
miaB	1950	1699	1722
ubiF	260	270	305
glnX	0	0	0
glnV	81	63	51
metU	4	1	3
glnW	0	2	0
glnU	3	13	4
leuW	35	46	18
metT	9	7	14
asnB	1554	1344	1523
nagD	1462	959	1421
nagC	1317	1100	1201
nagA	557	404	481
nagB	313	236	337
nagE	762	659	810
glnS	2220	1878	2026
chiP	1	4	5
chiQ	0	0	1
fur	345	337	324
uof	321	235	238
fldA	673	654	641
ybfE	91	91	108
ybfF	254	223	161
seqA	581	465	520
pgm	1108	778	1010
ybfP	14	15	9
ybfG	1	5	2
ybfI	0	0	0
potE	20	21	30
speF	7	13	5
ybfK	0	0	0
kdpE	12	18	6
kdpD	534	415	480
kdpC	135	89	154
kdpB	10	9	11
kdpA	33	10	9
kdpF	0	0	0
ybfA	55	32	37
rhsC	22	17	14
ybfB	0	0	6
ybfO	0	9	1
ybfC	4	0	5
ybfQ	0	0	0
ybfL	4	0	3
ybfD	1	3	1
ybgA	12	11	12
phr	76	32	37
dtpD	201	243	143
ybgI	1106	672	1049
ybgJ	362	271	293
ybgK	756	613	687
ybgL	398	261	437
nei	180	107	114
abrB	19	28	28
ybgO	5	4	6
ybgP	4	0	4
ybgQ	0	0	5
ybgD	1	0	3
gltA	9143	7803	8935
sdhC	700	616	572
sdhD	447	549	338
sdhA	4292	5108	3556
sdhB	2916	3442	2011
sucA	8722	9384	8079
sucB	6252	5713	4995
sucC	4756	5034	4012
sucD	6592	9042	6337
mngR	91	83	91
mngA	3	5	2
mngB	128	87	96
cydA	4437	3468	3767
cydB	1387	1044	1350
ybgT	128	112	148
ybgE	146	92	181
ybgC	184	175	178
tolQ	553	491	415
tolR	466	377	464
tolA	409	306	437
tolB	5621	5014	5229
pal	6130	6513	6219
ybgF	3600	3091	3193
lysT	169	186	139
valT	272	345	261
lysW	38	27	27
valZ	100	118	126
lysY	14	10	8
lysZ	140	93	120
lysQ	14	17	9
nadA	1698	1376	1498
pnuC	831	626	786
zitB	147	125	172
ybgS	27	19	48
aroG	1988	1823	1642
gpmA	10592	8952	10524
galM	1206	1021	1095
galK	700	661	676
galT	157	90	112
galE	449	435	352
modF	1136	869	1159
modE	43	15	25
acrZ	0	0	2
modA	639	411	573
modB	824	615	669
modC	523	465	473
ybhA	98	116	127
pgl	580	451	641
ybhD	3	5	9
ybhH	1	0	0
ybhI	0	1	5
ybhJ	3	9	16
ybhC	1329	1260	1205
ybhB	106	65	110
bioA	447	377	495
bioB	1753	1175	1552
bioF	704	394	588
bioC	176	138	148
bioD	257	190	227
uvrB	479	327	500
ybhK	107	98	101
moaA	735	489	816
moaB	961	462	1295
moaC	416	277	603
moaD	142	92	153
moaE	132	94	153
ybhL	1341	907	1465
ybhM	7	3	3
ybhN	35	14	51
clsB	93	34	114
ybhP	19	11	37
ybhQ	89	80	66
ybhR	189	149	181
ybhS	57	57	80
ybhF	624	421	521
ybhG	346	210	288
ybiH	114	95	119
rhlE	118	106	114
ybiA	4	9	6
dinG	101	89	124
ybiB	268	210	310
ybiC	1718	1219	1873
ybiJ	85	53	77
ybiI	17	7	11
ybiX	324	211	305
fiu	869	509	991
mcbA	0	5	2
rlmF	209	250	169
ybiO	62	45	77
glnQ	698	651	604
glnP	670	672	581
glnH	3288	2936	3087
dps	993	441	1275
rhtA	55	32	36
ompX	3884	3455	4311
ybiP	56	43	38
mntS	40	26	32
mntR	119	110	112
ybiR	136	181	169
ybiS	1086	934	1053
ybiT	1039	928	995
ybiU	153	122	184
ybiV	179	138	161
ybiW	24	25	27
ybiY	0	1	0
fsaA	75	76	64
moeB	228	204	211
moeA	442	460	419
iaaA	1113	987	749
gsiA	1888	1370	1396
gsiB	821	724	576
gsiC	240	185	167
gsiD	181	196	146
yliE	357	297	209
yliF	100	78	45
rimO	560	622	515
bssR	51	25	45
yliI	15	22	18
gstB	1341	1349	1724
dacC	580	339	621
deoR	181	159	179
ybjG	189	186	186
mdfA	221	166	226
ybjH	54	44	37
ybjI	219	128	179
ybjJ	163	171	194
rcdA	3	5	8
rybB	0	0	0
ybjL	297	226	294
ybjM	16	5	8
grxA	151	116	152
ybjC	19	23	30
nfsA	131	112	124
rimK	106	104	121
ybjN	371	309	318
potF	1857	1501	2149
potG	431	336	444
potH	105	120	160
potI	181	126	181
ybjO	8	29	28
rlmC	50	66	57
artJ	1875	2325	1243
artM	246	234	225
artQ	594	467	463
artI	800	780	655
artP	667	598	603
ybjP	195	175	265
ybjQ	161	146	172
amiD	62	50	79
ybjS	162	159	177
ybjT	285	268	305
ltaE	348	223	344
poxB	199	105	287
hcr	28	21	28
hcp	23	17	17
ybjE	235	233	197
aqpZ	52	48	49
ybjD	192	123	242
ybjX	327	411	320
macA	326	203	299
macB	248	194	265
cspD	39	26	62
clpS	593	379	508
clpA	7781	4265	11530
serW	0	1	0
infA	357	348	292
aat	156	136	138
cydC	767	663	629
cydD	436	405	376
trxB	1818	1535	1613
lrp	2058	1715	1936
ftsK	1622	1374	1605
lolA	142	117	110
rarA	286	194	246
serS	2959	1961	2610
dmsA	44	35	33
dmsB	16	13	8
dmsC	23	18	34
ycaC	163	157	229
ycaD	210	199	211
ycaM	15	13	20
ycaN	25	25	32
ycaK	69	94	47
pflA	229	199	244
pflB	22643	19096	20183
focA	281	226	367
ycaO	1321	1191	1319
ycaP	49	37	69
serC	6741	5653	6401
aroA	1423	1120	1464
ycaL	7	21	30
cmk	926	903	817
rpsA	53627	54453	40916
ihfB	1186	844	1315
ycaI	25	26	23
msbA	1641	1503	1708
lpxK	199	196	188
ycaQ	20	26	20
ycaR	74	46	60
kdsB	852	919	755
ycbJ	74	58	76
ycbC	3	10	18
smtA	172	161	165
mukF	583	506	612
mukE	333	250	298
mukB	4243	3411	3874
ycbB	424	304	487
ycbK	772	575	667
ycbL	1487	1255	1443
aspC	11906	9619	11157
ompF	111062	118858	119372
asnS	4200	3657	3768
pncB	857	676	674
pepN	1858	1431	2141
ssuB	13	14	26
ssuC	7	12	12
ssuD	15	4	17
ssuA	16	13	8
ssuE	5	8	2
elfA	11	2	1
elfD	0	0	1
elfC	20	23	11
elfG	8	4	6
ycbU	11	7	11
ycbV	20	21	8
ycbF	14	14	7
pyrD	392	456	297
zapC	9	28	32
ycbX	294	178	248
rlmL	1500	1043	1111
uup	836	753	711
pqiA	161	117	141
pqiB	128	158	157
ymbA	7	15	11
rmf	153	99	203
fabA	1177	1093	1257
ycbZ	1174	943	1146
matP	145	109	167
ompA	45940	49016	56474
sulA	212	154	248
sxy	51	30	38
yccS	287	245	232
yccF	272	275	265
helD	586	383	471
mgsA	1678	1426	1748
yccT	6	7	24
yccU	114	77	138
hspQ	882	666	829
rlmI	1164	1058	944
yccX	27	20	9
tusE	68	48	40
yccA	6380	5672	6338
serT	0	0	0
hyaA	1	0	2
hyaB	10	7	2
hyaC	10	7	0
hyaD	25	18	22
hyaE	1	4	7
hyaF	5	3	1
appC	94	44	84
appB	88	58	50
yccB	3	1	2
appA	62	51	66
etk	175	137	140
etp	19	21	11
gfcE	105	53	100
gfcD	40	11	31
gfcC	34	17	23
gfcB	6	3	6
gfcA	6	3	2
insAd	0	1	2
insB1d	0	0	1
cspH	0	0	0
cspG	0	0	1
ymcE	2	0	1
gnsA	5	9	9
yccM	5	11	9
torS	65	54	54
torT	4	4	8
torR	135	106	78
torC	6	4	5
torA	45	23	47
torD	13	8	14
cbpM	138	78	130
cbpA	117	103	88
yccE	2	6	5
agp	113	82	163
yccJ	51	14	45
wrbA	114	66	208
ymdF	0	0	2
rutG	51	48	53
rutF	7	11	6
rutE	28	15	23
rutD	4	8	2
rutC	2	2	3
rutB	5	4	3
rutA	9	21	9
rutR	24	30	32
putA	285	251	331
putP	1347	1375	1241
efeU	644	584	447
efeO	1261	1284	962
efeB	184	187	145
phoH	1394	798	2570
pgaD	2	2	4
pgaC	7	2	15
pgaB	9	0	3
pgaA	15	12	8
ycdT	4	4	15
insF1d	0	0	0
insE1d	0	0	0
ymdE	0	0	2
ycdU	6	2	1
serX	0	3	0
ghrA	892	691	842
ycdX	500	408	366
ycdY	535	391	478
ycdZ	116	82	91
csgG	140	67	191
csgF	53	18	63
csgE	27	13	27
csgD	130	84	191
csgB	14	2	19
csgA	357	226	367
csgC	8	1	4
ymdA	403	363	391
ymdB	58	73	75
clsC	138	110	118
opgC	77	67	81
opgG	2408	2368	2310
opgH	1345	1311	1183
yceK	3	10	3
msyB	236	204	366
mdtG	23	23	27
waaM	241	203	188
yceA	1058	1025	936
yceI	150	135	165
yceJ	227	145	208
yceO	2	6	1
solA	360	271	372
bssS	2	4	7
dinI	1	3	0
pyrC	1899	1836	1525
yceB	95	84	82
grxB	472	321	450
mdtH	19	10	18
rimJ	450	359	499
yceH	816	607	951
yceM	235	200	285
murJ	366	337	391
flgN	863	777	705
flgM	3483	3135	2685
flgA	165	204	175
flgB	1147	1098	957
flgC	263	220	253
flgD	3531	2847	2561
flgE	4855	3862	4019
flgF	731	568	623
flgG	2065	1579	1658
flgH	713	557	542
flgI	489	491	454
flgJ	389	382	310
flgK	2982	2113	2440
flgL	4680	3324	4132
rne	2069	1679	1752
yceQ	0	0	0
rluC	204	192	151
yceF	233	144	248
psrD	122	103	87
yceD	9683	10242	7998
rpmF	398	365	291
plsX	1790	1505	1549
fabH	2715	2391	2318
fabD	3664	3146	3070
fabG	2503	1779	2061
acpP	8499	6514	7613
fabF	6814	6243	5562
pabC	48	46	54
yceG	122	98	90
tmk	79	83	93
holB	209	204	194
ycfH	484	357	416
ptsG	11795	10252	10361
fhuE	740	604	795
hinT	1310	1026	1259
ycfL	137	82	109
lpoB	133	120	169
thiK	136	149	111
nagZ	469	407	406
ycfP	747	589	753
ndh	643	554	541
ycfJ	27	25	10
ycfQ	87	69	93
bhsA	32	16	20
ycfS	29	36	35
mfd	1976	1697	1589
ycfT	5	1	0
lolC	391	263	344
lolD	361	306	319
lolE	336	249	282
nagK	472	385	421
cobB	320	241	244
ycfZ	4	7	3
ymfA	11	5	3
potD	3771	2877	3337
potC	1384	1167	1134
potB	1668	1170	1458
potA	371	252	320
pepT	255	140	281
roxA	583	565	599
phoQ	388	341	450
phoP	459	487	527
purB	2195	2028	1741
hflD	776	611	560
mnmA	2250	2029	1863
nudJ	57	46	45
rluE	75	50	51
icd	58909	52092	50196
ymfD	13	5	11
ymfE	3	4	3
lit	18	7	9
intE	10	6	4
xisE	4	2	4
ymfI	179	183	209
ymfJ	135	83	105
cohE	112	87	91
croE	0	1	2
ymfL	1	12	1
ymfM	5	14	19
oweE	3	0	0
aaaE	20	5	20
ymfR	0	0	1
beeE	8	3	0
jayE	3	3	6
ymfQ	2	4	1
stfP	0	6	3
tfaP	16	12	21
tfaE	8	7	10
stfE	0	0	0
pinE	7	4	7
mcrA	168	154	181
icdC	0	2	5
iraM	0	0	0
ycgX	0	4	8
bluR	237	140	183
bluF	122	109	156
ycgZ	134	125	182
ymgA	27	13	15
ariR	0	2	10
ymgC	2	0	2
ycgG	3	4	3
ymgF	0	2	1
ycgH	54	37	62
ymgD	12	15	9
ymgG	18	22	8
ymgI	2	0	0
ymgJ	0	0	0
ycgI	26	13	16
minE	26	26	49
minD	1615	1424	1627
minC	363	323	406
ycgJ	160	100	120
pliG	76	43	86
ycgL	23	4	13
ycgM	415	271	514
ycgN	252	241	262
hlyE	1	3	5
umuD	16	10	14
umuC	41	27	39
dsbB	542	449	573
nhaB	967	836	861
fadR	130	138	147
ycgB	565	294	1057
dadA	128	92	145
dadX	99	56	84
cvrA	481	419	341
ldcA	169	128	161
emtA	648	655	660
ycgR	3100	2026	2599
ymgE	23	6	30
ycgY	15	3	23
treA	115	63	143
dhaM	1763	1947	1455
dhaL	248	215	201
dhaK	971	887	802
dhaR	258	161	201
ycgV	47	47	83
ychF	1529	1477	1255
pth	386	366	282
ychH	31	38	91
dauA	173	188	150
prs	10326	11676	8825
ispE	638	556	542
lolB	420	427	379
hemA	221	211	197
prfA	235	179	167
prmC	95	49	73
ychQ	61	51	66
ychA	427	366	407
kdsA	850	665	813
ldrA	0	0	0
rdlA	3	0	0
ldrB	0	0	0
rdlB	0	0	0
ldrC	0	0	0
rdlC	0	0	0
chaA	111	131	130
chaB	15	10	26
chaC	321	283	353
ychN	127	132	144
ychO	109	79	92
narL	118	74	85
narX	128	109	142
narK	13	6	7
narG	79	41	67
narH	40	38	47
narJ	19	8	27
narI	32	30	45
rttR	0	1	2
tpr	0	0	0
tyrV	7	3	14
tyrT	23	20	21
purU	571	444	466
ychJ	416	345	379
rssA	302	215	315
rssB	185	96	226
galU	714	649	707
hns	38367	24169	38675
tdk	119	119	127
insZ	43	16	23
adhE	28886	22311	26571
ychE	3	3	5
oppA	17819	13505	15431
oppB	1364	1348	1177
oppC	2419	2197	2089
oppD	4745	3902	3638
oppF	2545	2335	2131
yciU	96	58	64
clsA	1133	661	1106
yciY	25	15	20
kch	319	248	344
yciI	121	121	203
tonB	260	213	207
yciA	127	170	131
yciB	247	193	207
yciC	117	126	113
ompW	5	9	4
yciE	9	18	22
yciF	9	8	7
yciG	0	1	1
trpA	216	180	219
trpB	1150	1082	1034
trpC	1981	1548	1765
trpD	1366	1066	1074
trpE	3145	2421	2614
trpL	71	47	44
yciV	181	191	166
yciO	830	718	755
yciQ	31	48	47
rluB	565	514	383
btuR	224	218	233
yciK	317	266	382
sohB	654	542	738
yciN	92	92	91
topA	2918	2405	2540
cysB	694	582	625
ymiA	87	66	35
yciX	26	24	36
acnA	1058	816	1048
ribA	734	577	615
pgpB	53	37	68
yciS	251	192	195
yciM	121	105	115
pyrF	427	571	385
yciH	315	427	204
osmB	30	16	20
yciT	687	519	671
yciZ	26	28	18
gmr	209	106	267
ymiB	0	0	0
rnb	5263	5069	3720
yciW	991	796	537
fabI	3444	3084	2919
ycjD	39	34	60
sapF	68	64	84
sapD	51	50	59
sapC	232	165	226
sapB	155	152	169
sapA	260	224	215
ymjA	31	39	50
puuP	205	136	210
puuA	277	108	303
puuD	113	78	106
puuR	101	95	133
puuC	167	78	126
puuB	131	78	150
puuE	62	25	39
pspF	80	57	57
pspA	510	393	391
pspB	36	34	32
pspC	93	47	69
pspD	5	3	3
pspE	32	37	31
ycjM	2	0	0
ycjN	0	2	2
ycjO	5	2	2
ycjP	15	4	13
ycjQ	6	9	10
ycjR	4	10	6
ycjS	2	1	5
ycjT	3	7	7
ycjU	2	2	2
ycjV	1	4	7
ompG	1	1	6
ycjW	88	41	58
ycjX	280	273	256
ycjF	386	291	379
tyrR	893	739	850
tpx	7244	7374	6594
ycjG	141	109	136
mpaA	1009	690	1091
ymjC	24	19	18
ymjD	0	0	0
ycjY	25	17	15
pgrR	102	75	78
mppA	241	175	243
ynaI	251	195	177
insH1d	0	0	0
ynaJ	50	56	66
uspE	1069	839	1400
fnr	1160	1100	1071
ogt	11	14	32
abgT	2	3	7
abgB	11	6	12
abgA	22	12	12
abgR	34	34	43
mcaS	0	2	1
smrA	33	32	32
ydaM	189	134	235
ydaN	196	158	164
fnrS	0	1	1
dbpA	145	132	144
ttcA	466	471	336
intR	148	125	129
ydaQ	1	1	0
rcbA	0	1	0
ralR	3	0	0
recT	8	12	9
recE	67	52	54
racC	0	0	0
ydaE	0	2	0
kilR	0	0	0
sieB	12	4	9
ydaF	0	0	0
ydaG	0	2	0
racR	116	77	83
ydaS	6	4	2
ydaT	7	15	3
ydaU	5	2	0
ydaV	13	15	9
ydaW	3	9	7
rzpR	4	3	4
rzoR	0	0	0
trkG	82	53	60
ynaK	0	5	12
ydaY	0	6	8
ynaA	42	31	25
lomR	2	2	2
insH1e	8	3	4
stfR	23	13	21
tfaR	2	0	1
pinR	2	1	4
ynaE	0	0	0
ttcC	7	1	8
uspF	35	40	64
ompN	3	1	2
micC	0	0	0
ydbK	992	593	865
ydbJ	139	105	109
hslJ	141	74	79
ldhA	1159	826	1155
ydbH	307	282	276
ynbE	2	3	5
ydbL	28	29	35
feaR	61	31	29
feaB	72	75	116
tynA	28	27	28
paaZ	13	6	7
paaA	13	4	9
paaB	2	0	1
paaC	7	4	5
paaD	6	5	1
paaE	8	2	8
paaF	0	2	9
paaG	3	8	10
paaH	66	47	59
paaI	7	2	5
paaJ	82	100	106
paaK	119	78	102
paaX	267	195	254
paaY	124	114	105
ynbG	0	0	0
ydbA	635	606	586
insD1b	0	0	1
insC1b	0	0	0
insI1c	0	0	0
ydbC	76	61	69
ydbD	9	16	21
ynbA	2	0	0
ynbB	0	0	0
ynbC	43	27	24
ynbD	62	53	43
azoR	220	201	151
hrpA	1362	1174	1099
ydcF	122	63	86
aldA	1092	1133	1062
gapC	1010	672	895
cybB	665	829	698
rydC	0	0	0
ydcA	12	16	11
hokB	0	0	0
mokB	14	1	5
sokB	0	3	0
trg	373	373	442
ydcI	498	472	541
ydcJ	23	24	61
opgD	1226	1083	1135
ydcH	0	0	5
rimL	143	97	130
ydcK	33	19	55
tehA	170	127	179
tehB	239	215	229
ydcL	307	274	391
insP	0	1	1
insQ	77	76	113
ydcO	32	42	25
ydcN	40	42	43
ydcP	1197	1207	1108
yncJ	30	20	16
hicA	42	39	44
hicB	15	10	15
ydcR	197	157	165
ydcS	122	71	129
ydcT	14	15	27
ydcU	14	5	17
ydcV	23	8	17
patD	170	148	175
yncL	5	2	4
ydcX	16	20	13
ydcY	268	237	285
ydcZ	54	25	44
mnaT	301	291	414
curA	102	78	160
mcbR	16	23	18
yncD	125	106	108
yncE	1646	920	1951
ansP	160	168	87
yncG	26	11	34
yncH	0	0	0
rhsE	12	8	16
ydcD	3	2	14
yncI	4	4	7
ydcC	0	1	4
pptA	64	83	66
yddH	12	13	19
nhoA	25	10	34
yddE	90	120	102
narV	12	7	13
narW	4	4	11
narY	103	46	68
narZ	141	67	92
narU	7	3	10
yddK	0	0	0
yddL	0	0	0
yddG	50	38	35
fdnG	26	20	12
fdnH	2	8	27
fdnI	7	2	6
yddM	55	24	69
adhP	55	30	64
maeA	1671	1539	1314
sra	215	140	284
bdm	13	6	0
osmC	191	128	243
ddpF	21	25	20
ddpD	5	10	5
ddpC	28	13	14
ddpB	4	17	5
ddpA	44	70	27
ddpX	5	5	0
dosP	199	155	314
dosC	312	243	399
yddW	307	358	283
gadC	116	58	157
gadB	35	18	32
pqqL	1116	612	1154
yddB	445	344	542
yddA	180	143	178
ydeM	10	9	6
ydeN	13	8	6
ydeO	5	1	1
safA	0	0	0
ydeP	96	57	89
ydeQ	2	8	5
ydeR	0	5	0
ydeS	0	0	2
ydeT	1	2	1
yneL	0	0	0
hipA	62	32	47
hipB	43	39	50
yneO	148	118	159
lsrK	72	49	111
lsrR	146	106	149
lsrA	8	19	23
lsrC	21	9	15
lsrD	11	11	13
lsrB	17	11	20
lsrF	139	100	131
lsrG	12	11	25
tam	167	81	167
yneE	183	152	158
uxaB	43	34	27
yneF	19	40	31
yneG	14	10	8
glsB	78	68	74
sad	163	150	183
yneJ	87	36	76
yneK	8	12	5
ydeA	75	60	87
marC	14	19	27
marR	178	194	146
marA	143	145	113
marB	11	8	5
eamA	351	301	330
ydeE	38	21	19
yneM	12	5	18
mgrR	0	0	0
ydeH	19	22	32
ydeI	5	0	1
ydeJ	3	3	15
dcp	1096	811	1005
ydfG	1380	1172	1289
rspR	368	423	329
ydfZ	17	19	24
ydfI	75	34	61
ydfJ	18	4	13
ydfK	0	0	0
pinQ	3	4	0
tfaQ	0	1	0
stfQ	3	0	1
nohQ	4	6	2
ynfO	0	0	0
ydfO	0	0	0
gnsB	10	6	11
ynfN	0	0	0
cspI	0	0	0
rzpQ	0	0	0
rzoQ	0	0	0
rrrQ	0	1	1
ydfR	4	0	1
essQ	0	0	0
cspB	0	4	0
cspF	0	2	0
quuQ	0	9	2
ydfU	2	1	0
rem	20	16	27
hokD	338	373	475
relE	182	114	186
relB	813	765	873
ydfV	4	5	6
flxA	128	108	169
intK	7	0	0
ydfX	0	1	0
dicC	0	3	4
dicA	100	83	89
ydfA	1	0	3
ydfB	4	0	0
ydfC	1	10	3
dicF	1	0	1
dicB	0	0	0
ydfD	0	0	0
ydfE	5	8	13
insD1c	0	0	0
intQ	3	8	9
rspB	17	12	19
rspA	17	22	24
ynfA	45	49	45
ynfB	766	773	683
speG	1262	934	1095
ynfC	164	117	123
ynfD	307	243	312
ynfE	13	12	16
ynfF	65	38	40
ynfG	3	2	1
ynfH	542	436	594
dmsD	42	59	50
clcB	27	19	20
ynfK	16	9	13
mlc	165	189	171
ynfL	66	67	51
ynfM	22	22	20
asr	1	0	6
ydgU	0	0	0
ydgD	60	60	62
mdtI	5	2	1
mdtJ	1	1	1
tqsA	33	18	25
pntB	14745	11781	12457
pntA	11496	10863	9472
ydgH	924	795	854
ydgI	70	38	29
folM	21	18	13
ydgC	19	29	23
rstA	374	315	377
rstB	262	248	268
tus	44	30	44
fumC	447	489	653
fumA	2182	2236	1412
manA	304	264	296
ydgA	626	471	692
uidC	4	0	5
uidB	3	1	1
uidA	20	29	13
uidR	51	58	40
hdhA	971	698	1066
malI	66	42	67
malX	95	61	74
malY	201	197	183
add	89	48	95
ydgJ	621	524	697
blr	310	223	259
cnu	310	205	291
ydgK	307	276	349
rsxA	173	128	179
rsxB	573	423	517
rsxC	567	391	352
rsxD	155	148	155
rsxG	84	85	67
rsxE	242	184	173
nth	147	126	69
dtpA	63	58	68
gstA	213	173	261
pdxY	251	215	192
tyrS	4454	3889	3739
pdxH	147	130	147
mliC	21	15	28
anmK	241	214	261
slyB	1086	843	1002
slyA	283	250	286
ydhI	16	31	24
ydhJ	25	24	46
ydhK	29	17	25
sodC	24	20	41
ydhF	91	120	130
ydhL	4	13	10
nemR	109	117	88
nemA	473	480	440
gloA	731	748	755
rnt	65	55	77
lhr	291	226	253
grxD	1338	1213	1177
mepH	57	75	57
sodB	1586	1923	902
ydhP	78	84	97
ynhF	0	3	2
purR	1114	898	946
ydhB	83	107	96
ydhC	19	25	23
cfa	2735	1760	3143
ribC	295	161	242
mdtK	231	149	226
ydhQ	747	598	722
valV	0	0	4
valW	0	0	0
ydhR	62	53	62
ydhS	114	77	179
ydhT	2	5	5
ydhU	15	13	15
ydhX	4	9	4
ydhW	14	10	8
ydhV	13	15	16
ydhY	0	3	1
ydhZ	27	9	18
pykF	14825	13025	12204
lpp	5195	4386	5803
ynhG	233	155	407
sufE	69	45	83
sufS	487	280	581
sufD	309	227	443
sufC	291	171	318
sufB	572	477	654
sufA	290	232	282
rydB	0	0	0
ydiH	165	100	120
menI	125	170	107
ydiJ	3477	2757	2435
ydiK	680	543	655
rprA	0	0	1
ydiL	3	0	8
ydiM	0	1	0
ydiN	1	4	15
ydiB	14	17	17
aroD	230	162	245
ydiF	41	23	52
ydiO	15	13	16
ydiP	24	22	30
ydiQ	9	6	14
ydiR	12	11	16
ydiS	17	9	5
ydiT	1	5	13
fadK	15	12	16
ppsA	1413	1106	1393
ppsR	70	64	111
aroH	761	824	690
ydiE	14	14	11
ydiU	351	311	311
ydiV	22	20	35
nlpC	696	422	597
btuD	189	124	156
btuE	283	247	284
btuC	238	203	228
ihfA	3894	3877	4567
pheT	17301	12267	14634
pheS	5505	4219	4471
pheM	7	4	2
rplT	3976	3584	2933
rpmI	652	485	531
infC	5215	4578	4238
thrS	8553	6776	7757
arpB	1	4	0
yniD	0	1	2
ydiY	312	304	296
pfkB	110	87	118
ydiZ	76	54	97
yniA	161	116	209
yniB	84	73	84
yniC	432	406	416
ydjM	2	2	0
ydjN	9461	8295	6054
ydjO	4	2	7
cedA	32	31	46
katE	960	562	1047
chbG	37	26	38
chbF	31	35	54
chbR	60	50	86
chbA	30	31	35
chbC	9	17	20
chbB	0	1	2
osmE	190	128	210
nadE	810	639	842
cho	67	38	47
ves	78	81	60
spy	162	147	135
astE	32	11	30
astB	25	13	44
astD	52	28	49
astA	16	21	24
astC	59	25	87
xthA	544	599	505
ydjX	37	35	39
ydjY	3	17	12
ydjZ	29	10	12
ynjA	23	20	32
ynjB	132	100	129
ynjC	36	19	21
ynjD	11	22	6
ynjE	53	62	58
ynjF	46	36	50
nudG	9	15	12
ynjH	77	66	91
gdhA	8616	6357	7671
ynjI	8	10	7
topB	613	472	564
selD	938	718	860
ydjA	920	849	963
sppA	570	485	533
ansA	1239	962	1112
pncA	228	159	193
ydjE	13	8	23
ydjF	41	48	44
ydjG	11	20	13
ydjH	12	5	3
ydjI	13	16	11
ydjJ	10	5	12
ydjK	2	9	7
ydjL	8	10	15
yeaC	205	180	158
msrB	576	626	495
gapA	128023	115100	99715
yeaD	1904	1963	1302
yeaE	123	76	67
mipA	1318	1303	1011
yeaG	1104	754	1657
yeaH	153	65	156
yeaI	3	3	3
yeaJ	33	25	34
yeaK	106	126	93
yoaI	2	1	1
yeaL	33	31	26
yeaM	60	44	55
yeaN	18	16	24
yeaO	42	49	94
yoaF	29	15	11
yeaP	298	216	255
yoaK	0	0	1
yoaJ	0	0	0
yeaQ	210	125	246
yoaG	5	0	7
yeaR	2	0	3
leuE	27	16	15
dmlR	149	102	132
dmlA	72	30	45
yeaV	0	2	1
yeaW	9	8	8
yeaX	10	9	5
rnd	96	70	86
fadD	151	122	120
yeaY	52	40	48
tsaB	775	667	694
yoaA	123	119	80
yoaB	402	430	418
yoaC	40	45	66
yoaH	32	29	20
pabB	177	120	122
nudL	74	72	75
sdaA	281	167	265
yoaD	29	19	55
yoaE	374	286	281
manX	2073	1758	2195
manY	4805	4212	5339
manZ	3045	2469	3648
yobD	176	145	169
mntP	56	23	60
rlmA	65	50	80
cspC	713	426	560
yobF	140	111	101
yebO	127	96	139
mgrB	25	18	10
yobH	10	8	16
kdgR	537	567	550
yebQ	13	22	32
htpX	666	750	629
prc	3899	3598	3654
proQ	2113	1814	2006
msrC	547	451	501
yebS	110	103	138
yebT	294	225	267
rsmF	145	93	81
yebV	16	11	15
yebW	12	7	12
pphA	5	11	11
ryeA	0	0	8
sdsR	0	2	0
yebY	119	133	146
yebZ	482	395	341
yobA	60	72	47
holE	173	125	109
yobB	465	365	334
exoX	354	272	372
ptrB	101	80	99
yebE	22	15	21
yebF	108	134	133
yebG	86	110	67
purT	673	696	535
eda	865	802	688
edd	549	587	477
zwf	1427	1212	1582
yebK	264	261	283
pykA	2276	1923	2167
waaN	350	284	260
mepM	146	161	135
znuA	225	178	166
znuC	124	90	115
znuB	59	39	34
ruvB	412	338	355
ruvA	162	93	122
yobI	0	2	7
yebB	4	3	1
ruvC	197	150	151
yebC	1298	1195	1262
nudB	866	693	729
aspS	6241	4784	5660
yecD	26	27	46
yecE	49	34	52
yecN	64	64	72
cmoA	250	234	310
cmoB	195	160	182
torZ	74	37	48
torY	0	3	6
cutC	44	50	47
yecM	281	163	263
argS	1608	1468	1613
yecT	5	5	10
flhE	46	43	38
flhA	682	630	662
flhB	399	353	360
cheZ	2976	1955	2395
cheY	3135	2321	2590
cheB	1539	1311	1287
cheR	1197	815	1019
tap	4771	3371	4153
tar	5273	4263	4423
cheW	7054	5493	6528
cheA	12307	8317	10324
motB	1427	1197	1378
motA	3079	2653	2738
flhC	322	378	356
flhD	557	488	490
insB1e	0	0	0
insAe	0	0	0
uspC	2	2	1
otsA	1048	528	1192
otsB	52	44	74
araH	103	54	103
araG	59	31	94
araF	64	26	29
ftnB	31	41	44
yecJ	53	46	59
azuC	36	28	30
yecR	349	346	328
ftnA	1416	1050	1699
yecH	5	6	3
tyrP	243	188	176
yecA	257	308	334
leuZ	0	0	0
cysT	95	71	78
glyW	80	98	84
pgsA	181	175	173
uvrC	250	185	245
uvrY	170	166	173
yecF	12	2	10
sdiA	94	72	97
yecC	389	353	354
yecS	581	558	491
dcyD	2722	2024	2157
fliY	2842	3257	2274
fliZ	743	645	663
fliA	4031	3806	3679
fliC	280115	213297	242755
fliD	3956	2946	3092
fliS	855	510	701
fliT	719	573	727
amyA	357	285	419
yedD	1225	979	1289
yedE	710	699	615
yedF	0	1	1
yedK	1	10	13
yedL	8	3	3
yedN	23	22	20
intG	3	0	1
fliE	177	222	147
fliF	935	901	773
fliG	784	810	688
fliH	493	480	345
fliI	1052	946	897
fliJ	142	138	113
fliK	330	287	231
fliL	548	634	560
fliM	2894	2532	2471
fliN	374	358	328
fliO	121	127	119
fliP	166	132	140
fliQ	234	176	193
fliR	238	245	178
rcsA	240	193	132
dsrB	9	4	9
yodD	31	7	40
dsrA	0	0	0
yedP	50	27	69
yedQ	133	84	136
yodC	6	18	24
yedI	163	179	187
yedA	2	5	4
vsr	29	27	46
dcm	579	470	568
yedJ	71	60	61
yedR	51	53	41
rseX	0	0	0
yedS	50	30	42
hchA	648	369	700
yedV	69	43	58
yedW	46	18	51
hiuH	2	4	1
yedY	27	23	44
yedZ	17	7	24
zinT	61	38	30
yodB	11	2	4
serU	7	8	13
mtfA	360	261	398
asnT	0	0	0
yeeJ	100	96	125
yeeL	4	3	3
shiA	3830	2222	5710
amn	1288	1004	1391
yeeN	1377	1281	1199
asnW	1	0	0
yeeO	42	48	36
asnU	0	1	0
cbl	479	406	302
nac	87	130	87
asnV	0	0	0
erfK	207	186	284
cobT	284	282	274
cobS	248	211	214
cobU	39	41	52
yeeH	2	1	5
insH1f	9	5	7
yoeG	92	54	62
yoeH	102	58	78
yoeA	22	28	29
insD1d	0	0	2
insC1c	0	0	0
yeeP	7	22	12
isrC	9	15	7
flu	1494	1496	1132
yeeR	132	118	97
yeeS	1	4	4
yeeT	0	0	0
cbeA	2	0	0
cbtA	0	0	2
yeeW	7	12	31
yoeD	0	0	0
yoeF	2	1	5
yeeX	1061	895	1044
yeeA	80	82	121
sbmC	43	26	54
dacD	53	29	32
sbcB	234	200	186
yeeD	83	98	68
yeeE	2367	2385	1602
plaP	3268	3570	2922
yoeI	58	63	56
yeeY	35	23	43
yeeZ	395	356	391
yoeB	92	96	86
yefM	169	137	201
hisL	1	0	3
hisG	5913	4522	5540
hisD	8504	6091	7877
hisC	3318	2354	3165
hisB	7044	5202	7182
hisH	1564	1313	1553
hisA	2956	2226	2548
hisF	5224	4406	4845
hisI	5322	3711	5063
wzzB	1124	994	1077
ugd	72	54	60
gnd	14138	13184	13913
wbbL	366	339	324
insH1g	0	0	0
wbbK	205	184	203
wbbJ	985	830	759
wbbI	687	638	589
wbbH	205	196	194
glf	565	628	490
wzxB	223	200	207
rfbC	438	317	340
rfbA	530	345	425
rfbD	1157	973	1008
rfbB	1206	971	1118
wcaN	1736	1740	1866
wcaM	26	17	28
wcaL	20	15	16
wcaK	25	17	23
wzxC	16	7	11
wcaJ	38	20	24
cpsG	33	18	23
cpsB	29	20	20
wcaI	25	12	4
wcaH	9	7	1
wcaG	24	14	6
gmd	97	36	17
wcaF	18	2	4
wcaE	11	6	3
wcaD	27	12	7
wcaC	10	8	11
wcaB	6	0	3
wcaA	26	25	7
wzc	52	37	21
wzb	0	1	1
wza	13	10	3
yegH	499	284	384
asmA	649	431	596
dcd	497	415	378
udk	596	649	459
yegE	268	224	270
alkA	69	58	63
yegD	191	142	221
yegI	22	25	45
yegJ	7	2	8
yegK	6	5	6
yegL	4	8	2
sibA	0	0	0
ibsA	0	0	2
sibB	0	0	1
ibsB	0	0	0
mdtA	20	19	29
mdtB	116	95	120
mdtC	53	65	49
mdtD	37	28	13
baeS	23	22	16
baeR	115	157	145
yegP	43	34	63
yegQ	719	691	557
cyaR	0	3	8
ogrK	0	1	1
yegZ	0	0	0
yegR	0	6	6
yegS	68	26	66
gatR	33	47	49
insE1e	0	0	0
insF1e	0	0	0
gatD	295	288	293
gatC	1944	1937	1918
gatB	466	445	423
gatA	2028	2086	1922
gatZ	7038	6311	6719
gatY	4943	3997	4697
fbaB	4168	2556	5425
yegT	60	48	65
yegU	52	39	23
yegV	40	31	23
yegW	31	27	28
yegX	43	35	27
thiD	585	473	558
thiM	294	263	280
rcnR	20	24	13
rcnA	81	72	62
rcnB	6	7	12
yehA	0	2	2
yehB	5	1	16
yehC	0	0	0
yehD	0	0	0
yehE	0	2	2
mrp	891	1112	926
metG	3241	2505	2849
yehH	24	13	15
yehI	67	29	59
yehK	9	3	2
yehL	0	3	5
yehM	9	4	4
yehP	7	7	3
yehQ	19	10	10
yehR	2	4	4
yehS	8	8	13
yehT	112	51	59
yehU	193	258	194
mlrA	22	4	39
yohO	1	0	3
yehW	11	11	30
yehX	48	40	89
yehY	113	48	144
osmF	98	42	133
bglX	1457	1196	1330
dld	824	572	819
pbpG	215	147	215
yohC	59	36	109
yohD	10	9	17
yohF	69	33	82
mdtQ	0	2	11
yohP	13	6	4
dusC	63	68	65
yohJ	10	13	20
yohK	26	17	30
cdd	150	135	202
sanA	89	72	92
yeiS	10	5	1
preT	17	14	22
preA	21	14	22
mglC	79	107	96
mglA	120	130	97
mglB	405	522	440
galS	8	9	8
yeiB	704	688	661
folE	2510	3121	2392
yeiG	113	95	80
cirA	3854	2557	3644
lysP	4212	4479	3042
yeiE	153	105	131
yeiH	36	15	26
nfo	265	185	271
yeiI	109	71	110
nupX	6	3	0
rihB	0	0	1
yeiL	2	4	4
psuT	14	9	4
psuG	0	3	3
psuK	1	4	9
fruA	1371	1079	1245
fruK	523	335	362
fruB	830	562	770
setB	11	4	7
yeiW	0	0	0
yeiP	169	151	138
yeiQ	144	153	161
yeiR	144	80	100
lpxT	78	83	44
mepS	1790	1501	1516
rtn	146	142	147
yejA	115	105	112
yejB	72	49	71
yejE	55	76	90
yejF	55	57	62
yejG	184	183	164
bcr	237	166	219
rsuA	250	259	262
yejH	176	90	106
rplY	216	255	197
yejK	896	768	713
yejL	459	367	402
yejM	706	624	672
proL	3	2	3
yejO	234	165	254
insH1h	0	0	0
narP	87	122	95
ccmH	61	70	83
dsbE	56	68	50
ccmF	194	159	160
ccmE	37	22	25
ccmD	124	54	48
ccmC	134	202	145
ccmB	67	63	50
ccmA	75	75	46
napC	16	22	5
napB	2	3	2
napH	25	24	14
napG	14	11	12
napA	160	140	95
napD	6	3	4
napF	5	10	3
yojO	0	0	0
eco	22	14	17
mqo	293	283	181
yojI	410	444	315
alkB	14	7	9
ada	35	39	37
apbE	33	45	21
ompC	8374	6482	7977
micF	0	0	0
rcsD	1367	1196	1262
rcsB	1797	1552	1715
rcsC	723	629	697
atoS	45	16	26
atoC	29	38	22
atoD	3	0	0
atoA	6	0	1
atoE	0	3	3
atoB	2	8	11
yfaP	3	0	2
yfaQ	33	10	1
yfaS	12	9	16
yfaT	4	2	1
yfaA	10	11	31
gyrA	6337	5759	5915
ubiG	594	547	524
yfaL	86	66	80
nrdA	6369	3905	6372
nrdB	1622	918	1810
yfaE	136	69	101
inaA	110	122	92
yfaH	0	0	0
glpQ	261	235	269
glpT	1323	1467	1143
glpA	186	184	193
glpB	125	119	150
glpC	86	79	90
yfaD	162	159	186
ypaA	27	10	24
rhmA	49	48	55
rhmT	36	10	20
rhmD	5	3	1
rhmR	7	2	1
yfaY	260	208	237
yfaZ	42	46	27
nudI	60	51	58
ais	99	75	71
arnB	207	157	194
arnC	309	281	255
arnA	651	604	618
arnD	53	51	50
arnT	71	76	60
arnE	13	8	23
arnF	0	1	6
pmrD	6	5	5
menE	138	129	122
menC	290	180	228
menB	444	392	393
menH	86	46	64
menD	158	120	155
menF	173	153	138
elaB	1261	1053	2147
elaA	128	83	148
rbn	120	114	126
elaD	34	21	31
yfbK	11	7	8
yfbL	4	0	2
yfbM	4	6	5
yfbN	4	3	6
yfbO	3	4	4
yfbP	12	3	8
nuoN	2141	2298	1686
nuoM	1796	1643	1440
nuoL	2940	2765	2073
nuoK	279	257	160
nuoJ	761	687	523
nuoI	624	584	426
nuoH	1331	1291	977
nuoG	3992	3790	2984
nuoF	1355	1315	997
nuoE	987	1063	762
nuoC	4386	4131	3563
nuoB	575	549	468
nuoA	667	737	476
lrhA	409	300	380
alaA	666	675	653
yfbR	47	33	63
yfbS	195	133	136
yfbT	672	557	737
yfbU	926	751	931
yfbV	289	251	286
ackA	2473	2331	2044
pta	6517	5398	4804
yfcC	0	10	4
yfcD	550	528	520
yfcE	404	385	506
yfcF	119	67	208
yfcG	49	35	69
folX	1276	956	939
yfcH	551	349	417
yfcI	16	10	14
hisP	365	437	299
hisM	296	326	276
hisQ	787	722	621
hisJ	4952	4314	3358
argT	1207	1172	1163
ubiX	43	30	44
purF	3657	3509	2918
cvpA	3819	3363	2932
dedD	128	137	130
folC	636	619	501
accD	4903	4190	4312
dedA	278	230	285
truA	383	267	347
usg	1073	732	956
pdxB	1326	1146	1055
flk	58	32	60
yfcJ	88	69	93
fabB	2942	3138	2996
mnmC	228	152	204
yfcL	12	11	8
epmC	321	343	243
yfcA	178	180	156
mepA	286	242	264
aroC	1728	1276	1526
prmB	1169	1009	1042
smrB	110	70	80
yfcO	85	70	79
yfcP	9	2	5
yfcQ	3	0	9
yfcR	8	2	2
yfcS	0	0	0
yfcU	24	11	20
yfcV	1	0	0
sixA	203	199	204
fadJ	193	162	201
fadI	110	110	160
yfcZ	70	53	72
fadL	408	378	376
yfdF	21	20	21
mlaA	289	288	284
yfdC	12	16	38
argW	1	0	1
intS	153	100	160
gtrA	343	281	339
gtrB	591	480	606
gtrS	46	54	40
tfaS	10	10	10
yfdK	21	5	17
yfdL	1	0	0
yfdM	0	1	0
yfdN	0	0	0
oweS	0	0	0
yfdP	5	6	4
yfdQ	92	46	86
yfdR	0	2	0
yfdS	0	0	2
yfdT	4	1	1
ypdJ	0	0	2
torI	8	16	13
pawZ	0	0	0
dsdC	98	76	69
dsdX	62	25	32
dsdA	103	100	168
emrY	1	2	2
emrK	8	3	3
evgA	69	76	64
evgS	83	93	83
yfdE	0	1	13
yfdV	4	2	1
oxc	17	11	10
frc	5	5	6
yfdX	3	3	9
ypdI	0	0	0
yfdY	106	95	117
lpxP	13	26	12
ypdK	0	0	0
alaC	329	264	320
ypdA	95	67	101
ypdB	80	51	97
ypdC	5	11	4
fryA	42	12	24
ypdE	23	14	24
ypdF	7	9	9
fryC	2	1	1
fryB	0	0	1
glk	363	281	351
yfeO	57	44	42
ypeC	7	1	7
mntH	308	314	251
nupC	2055	2036	1876
insL1c	0	0	0
yfeA	395	369	347
alaX	1	0	1
alaW	8	7	0
yfeC	97	91	78
yfeD	4	6	8
gltX	2888	2355	2380
valU	5	5	5
valX	5	7	1
valY	6	2	0
lysV	0	0	0
xapR	54	36	43
xapB	33	17	21
xapA	18	4	5
yfeN	3	5	9
yfeR	54	32	69
yfeH	281	246	235
ypeB	4	0	2
ligA	557	462	505
zipA	404	274	320
cysZ	163	124	165
cysK	5533	4902	3769
ptsH	3257	2950	3326
ptsI	13664	10677	14028
crr	10081	10506	11468
pdxK	710	472	627
yfeK	5	5	0
yfeS	55	33	46
cysM	1865	1662	906
cysA	3018	2814	1608
cysW	1597	1528	1046
cysU	1282	1291	853
cysP	2075	1967	1263
ucpA	172	173	149
murR	48	34	63
murQ	86	117	121
murP	26	25	24
yfeW	19	36	12
yfeX	1329	1235	1457
yfeY	61	77	115
yfeZ	120	113	133
ypeA	291	276	325
amiA	167	158	139
hemF	111	86	68
eutR	59	33	49
eutK	51	50	65
eutL	52	50	75
eutC	281	263	276
eutB	351	228	354
intZ	62	74	96
yffL	151	133	149
yffM	7	1	4
yffN	3	0	2
yffO	16	7	20
yffP	6	2	5
yffQ	24	15	16
yffR	70	67	83
yffS	355	287	460
eutA	12	14	14
eutH	21	3	18
eutG	17	8	14
eutJ	3	2	2
eutE	11	4	4
eutN	0	1	0
eutM	1	7	5
eutD	12	10	21
eutT	5	6	9
eutQ	11	8	14
eutP	0	1	0
eutS	8	1	0
maeB	2094	1536	2024
talA	602	259	777
tktB	968	467	1245
ypfG	50	35	41
nudK	119	143	115
aegA	20	31	18
narQ	61	50	40
acrD	79	54	67
ypfM	26	3	45
yffB	128	101	157
dapE	308	262	337
ypfN	172	84	133
ypfH	34	37	41
tmcA	315	252	291
ypfJ	241	227	214
purC	3392	3672	2562
bamC	4282	3814	3637
dapA	4003	3541	3642
gcvR	533	457	573
bcp	1718	1705	1900
hyfA	1	0	0
hyfB	10	4	3
hyfC	5	1	0
hyfD	3	4	7
hyfE	8	2	0
hyfF	16	8	22
hyfG	26	14	17
hyfH	47	29	27
hyfI	3	6	6
hyfJ	10	11	6
hyfR	25	14	3
focB	9	3	9
yfgO	166	142	203
yfgC	353	327	362
yfgD	81	93	106
hda	316	412	245
uraA	1077	1594	667
upp	1670	1966	1321
purM	2477	2957	2192
purN	372	328	358
ppk	833	596	764
ppx	435	308	355
yfgF	6	5	9
yfgG	52	24	34
yfgH	0	1	1
yfgI	2	4	2
guaA	5848	5644	3774
guaB	5888	6074	4294
xseA	483	390	479
yfgJ	31	18	22
der	1271	1010	1066
bamB	1660	1350	1500
yfgM	565	415	503
hisS	3848	3571	3303
ispG	999	858	931
rodZ	348	272	358
rlmN	634	599	571
ndk	532	749	458
pbpC	36	42	45
yfhM	473	391	470
sseA	188	93	205
ryfA	5	6	10
sseB	872	722	709
pepB	1448	1087	1308
iscX	280	214	229
fdx	482	375	427
hscA	2599	2084	2272
hscB	336	254	314
iscA	2745	1940	2536
iscU	3441	2769	3738
iscS	19015	14461	18167
iscR	3673	2927	3874
trmJ	222	159	148
suhB	819	836	571
yfhR	7	8	9
csiE	16	12	43
hcaT	66	65	62
hcaR	36	35	49
iroK	0	0	0
hcaE	43	21	38
hcaF	7	1	3
hcaC	9	1	4
hcaB	21	14	36
hcaD	54	27	34
yphA	46	14	51
yphB	19	13	13
yphC	23	21	16
yphD	19	10	20
yphE	11	12	24
yphF	11	4	7
yphG	17	7	13
yphH	52	48	67
glyA	15389	14440	12991
hmp	297	165	219
glnB	81	78	64
glrR	134	91	103
yfhG	167	114	189
glrK	216	194	218
glmY	4	3	0
purL	7469	7137	6043
mltF	58	77	56
tadA	87	105	97
pgpC	46	28	36
yfhH	58	59	61
yfhL	22	20	28
shoB	2	1	3
ohsC	0	0	0
acpS	33	15	20
pdxJ	285	216	301
recO	361	238	277
era	1284	964	1140
rnc	824	657	749
lepB	982	962	950
lepA	2932	2723	2621
rseC	182	129	109
rseB	590	405	409
rseA	1180	822	818
rpoE	1056	841	749
nadB	720	587	701
trmN	94	82	62
srmB	927	670	697
yfiE	64	55	44
eamB	38	26	24
grcA	176	193	119
ung	37	23	39
yfiF	435	385	340
trxC	256	237	280
yfiP	36	53	33
pka	233	154	233
pssA	2121	1867	1699
yfiM	10	5	5
kgtP	17366	12527	19088
rrfG	0	0	0
rrlG	3	1	0
gltW	0	0	0
rrsG	106	414	182
clpB	7643	5672	5951
ryfD	29	16	24
yfiH	305	212	202
rluD	268	183	201
bamD	1281	1086	1083
raiA	54	56	74
pheL	0	1	0
pheA	1290	788	1128
tyrA	1211	1158	846
aroF	1490	1738	1086
yfiL	8	7	7
yfiR	135	131	172
yfiN	34	42	37
yfiB	5	1	15
rplS	6298	6338	4946
trmD	20097	19555	16168
rimM	1384	1577	1223
rpsP	1722	1810	1470
ffh	1142	1020	1011
ypjD	473	470	492
yfjD	263	168	206
grpE	2863	2515	2410
nadK	232	202	206
recN	761	509	658
bamE	771	601	595
ratB	48	48	42
ratA	277	266	255
smpB	32	48	33
ssrA	7294	7205	7912
intA	134	162	135
yfjH	78	65	82
alpA	4	3	8
yfjI	9	12	9
yfjJ	4	0	2
yfjK	671	554	655
yfjL	270	241	248
yfjM	0	4	1
rnlA	735	439	575
rnlB	25	23	28
yfjP	17	11	20
yfjQ	0	6	3
yfjR	4	4	12
ypjK	0	3	0
yfjS	14	10	7
yfjT	8	6	7
yfjU	1	2	2
yfjV	86	55	75
yfjW	25	13	31
ypjI	0	0	0
yfjX	0	0	0
yfjY	0	0	0
ypjJ	0	1	0
yfjZ	0	0	0
ypjF	2	7	4
psaA	0	0	0
ypjA	106	77	140
pinH	0	0	0
ypjC	0	0	5
ileY	0	0	0
ygaQ	12	2	3
csiD	280	131	260
lhgO	38	28	70
gabD	70	37	95
gabT	158	87	159
gabP	75	47	107
csiR	126	74	137
ygaU	222	164	341
yqaE	5	5	10
ygaV	46	32	34
ygaP	6	13	2
stpA	12851	8010	11019
alaE	2	6	4
ygaC	41	31	26
ygaM	53	49	110
nrdH	82	96	162
nrdI	756	343	931
nrdE	466	265	608
nrdF	720	396	1119
proV	348	197	282
proW	306	199	258
proX	177	104	142
ygaY	7	3	3
ygaZ	166	122	117
ygaH	36	26	22
mprA	718	703	574
emrA	179	188	129
emrB	369	330	298
luxS	1664	1711	1959
micA	0	0	0
gshA	2664	2102	2727
yqaA	335	302	301
yqaB	191	129	138
argQ	72	39	41
argZ	103	81	96
argY	423	286	386
argV	98	60	62
serV	48	38	35
csrA	197	99	153
alaS	7952	7230	6733
recX	9	5	7
recA	2432	2528	2226
pncC	152	117	127
mltB	121	114	121
srlA	6	17	26
srlE	32	12	31
srlB	5	4	1
srlD	36	55	55
gutM	12	12	19
srlR	72	61	81
gutQ	169	191	186
norR	120	78	99
norV	130	68	90
norW	33	23	30
hypF	72	40	66
hydN	24	10	29
ascG	102	104	119
ascF	21	17	6
ascB	17	14	13
hycI	38	48	50
hycH	49	38	26
hycG	34	14	36
hycF	3	12	2
hycE	18	24	26
hycD	23	3	5
hycC	4	11	7
hycB	4	0	3
hycA	0	5	3
hypA	7	8	6
hypB	24	21	24
hypC	2	4	1
hypD	34	14	19
hypE	41	36	49
fhlA	77	40	81
ygbA	10	17	15
mutS	869	760	717
pphB	0	3	0
ygbI	112	76	97
ygbJ	7	4	1
ygbK	24	9	15
ygbL	3	4	7
ygbM	14	18	20
ygbN	5	5	12
rpoS	5835	4380	7062
nlpD	1605	1244	1829
pcm	170	105	125
surE	385	406	335
truD	447	409	344
ispF	227	232	236
ispD	526	417	439
ftsB	92	101	92
ygbE	36	37	24
cysC	1180	1210	716
cysN	8302	7241	4537
cysD	7180	6135	4005
iap	60	77	45
ygbF	20	8	16
ygbT	90	74	69
casE	7	2	4
casD	27	15	19
casC	56	21	41
casB	10	9	4
casA	7	9	21
ygcB	44	20	32
sokX	0	0	0
cysH	6177	6509	2870
cysI	9481	9607	4572
cysJ	9819	8366	5193
queD	175	177	133
ygcN	11	11	2
ygcO	3	0	5
ygcP	1	6	9
ygcQ	17	7	14
ygcR	8	6	2
ygcS	3	5	3
ygcU	11	18	15
ygcW	0	0	0
yqcE	2	1	4
ygcE	21	15	18
queE	48	32	39
yqcG	0	0	0
ygcG	5	1	0
eno	36022	30519	30487
pyrG	4137	4072	3354
mazG	155	158	186
mazF	18	19	24
mazE	39	46	47
relA	691	658	647
rlmD	420	410	378
barA	359	375	353
gudD	79	74	66
gudX	26	22	31
gudP	18	5	10
yqcA	218	161	201
truC	108	145	122
yqcC	41	43	51
csrB	1586	2189	2322
syd	195	140	176
queF	387	285	274
ygdH	708	564	770
sdaC	770	629	601
sdaB	288	264	202
ygdG	25	30	26
fucO	57	49	56
fucA	8	9	10
fucP	4	5	5
fucI	18	16	16
fucK	98	63	105
fucU	204	201	249
fucR	503	411	429
rlmM	579	488	553
ygdD	128	64	90
gcvA	116	101	107
gcvB	3	6	1
ygdI	35	26	20
csdA	134	103	100
csdE	89	66	49
tcdA	152	114	158
mltA	194	168	201
metZ	15	9	12
metW	13	5	17
metV	2	1	1
amiC	196	212	150
argA	4262	5198	3194
recD	242	186	135
recB	443	452	405
ptrA	336	344	317
recC	519	370	444
ppdC	17	5	9
ygdB	0	3	2
ppdB	26	13	12
ppdA	0	1	0
thyA	368	273	306
lgt	1637	1204	1610
ptsP	1001	978	903
rppH	215	199	224
mutH	56	41	41
ygdQ	192	97	195
ygdR	25	12	27
tas	657	543	873
lplT	49	32	52
aas	263	194	264
omrA	0	0	0
omrB	0	0	0
galR	251	259	236
lysA	702	579	589
lysR	44	30	40
ygeA	338	308	376
araE	157	151	137
kduD	43	34	57
kduI	11	14	17
yqeF	420	462	344
yqeG	9	12	12
yqeH	1	5	3
yqeI	2	1	0
yqeJ	3	0	2
yqeL	0	0	0
yqeK	0	3	0
ygeF	2	1	0
ygeG	0	0	0
ygeH	0	5	1
ygeI	0	0	0
pbl	2	1	3
ygeK	0	0	0
ygeN	0	0	2
ygeO	2	3	1
insD1e	0	0	0
insC1d	0	0	0
ygeQ	63	56	62
glyU	0	2	1
ygeR	72	45	42
xdhA	19	14	34
xdhB	10	12	20
xdhC	0	5	5
ygeV	19	10	20
ygeW	0	3	5
ygeX	7	3	2
ygeY	49	29	32
hyuA	10	12	13
yqeA	20	11	14
yqeB	60	43	51
yqeC	3	2	10
mocA	7	2	6
ygfK	16	11	8
ssnA	5	4	2
ygfM	18	11	14
xdhD	59	48	52
xanQ	5	9	4
guaD	130	88	77
ygfQ	44	41	65
ygfS	9	6	13
ygfT	25	33	23
uacT	0	4	2
yqfG	0	0	0
idi	26	33	38
lysS	3191	2813	2675
prfB	2357	2505	1996
recJ	464	475	425
dsbC	264	202	228
xerD	144	150	136
fldB	279	346	292
cptA	142	97	98
sdhE	579	435	485
ygfZ	2864	2135	2653
yqfA	246	206	257
yqfB	251	137	169
bglA	406	501	511
ygfF	48	68	58
gcvP	4535	4010	3886
gcvH	1284	1198	1016
gcvT	1721	1545	1636
visC	393	308	380
ubiH	687	496	594
pepP	1035	749	905
ygfB	1790	856	1452
zapA	1528	1439	1630
ssrS	70	67	92
fau	366	382	317
sibC	2	4	1
ibsC	2	3	4
serA	18947	18179	18377
rpiA	3236	3287	2867
yqfE	2	0	2
argP	191	199	219
scpA	14	6	12
argK	17	6	2
scpB	6	12	8
scpC	15	1	13
ygfI	31	13	24
yggE	246	131	239
argO	100	60	81
mscS	1621	858	1665
fbaA	26544	23137	22395
pgk	12521	12256	10408
epd	2572	2807	2539
yggC	107	80	107
yggD	44	35	50
yggF	23	28	30
yggP	3	9	3
cmtA	5	14	8
cmtB	0	2	0
tktA	4081	4235	3681
loiP	135	136	133
speB	2017	1782	1972
speA	8358	6767	8598
yqgB	25	15	32
yqgC	1	0	2
metK	13299	10560	12059
galP	772	614	756
yggI	5	5	9
endA	19	13	11
rsmE	641	483	534
gshB	572	445	485
yqgE	463	374	417
yqgF	330	301	344
yggR	7	12	14
yggS	688	642	667
yggT	183	209	152
yggU	37	35	17
rdgB	362	326	293
yggW	275	261	274
yggM	5	5	7
ansB	28	6	17
yggN	153	89	128
yggL	808	672	777
trmI	1668	1409	1519
mutY	305	225	271
yggX	156	142	132
mltC	149	163	194
nupG	299	266	429
speC	1233	1097	1257
yqgA	8	8	6
pheV	0	0	0
yghD	23	12	20
yghE	4	7	1
yghF	6	7	8
yghG	1	2	6
pppA	8	10	11
yghJ	333	295	255
glcA	88	68	82
glcB	457	332	524
glcG	121	98	136
glcF	88	88	97
glcE	9	6	13
glcD	40	21	36
glcC	55	36	44
yghO	13	11	7
insH1i	0	0	1
yghQ	3	3	2
yghR	0	0	3
yghS	4	1	2
yghT	2	1	0
pitB	25	15	15
gss	670	524	660
yghU	384	275	393
hybG	11	9	11
hybF	14	4	11
hybE	49	57	62
hybD	29	19	26
hybC	129	120	96
hybB	36	60	46
hybA	22	10	12
hybO	42	50	36
yghW	6	8	2
yghX	55	20	40
gpr	83	70	118
yqhA	1500	1557	1603
yghA	67	31	70
exbD	1138	858	853
exbB	940	902	739
metC	6046	3784	6825
yghB	1059	651	1272
yqhC	254	166	160
yqhD	817	723	678
dkgA	357	269	354
yqhG	9	7	10
yqhH	0	0	0
ygiQ	474	462	361
ftsP	578	481	446
plsC	240	233	195
parC	1420	1371	1187
ygiS	46	43	29
mqsA	126	83	136
mqsR	20	2	21
ygiV	13	10	11
ygiW	54	44	49
qseB	34	29	32
qseC	47	53	38
ygiZ	0	0	0
mdaB	161	123	106
ygiN	97	72	64
parE	1556	1244	1452
yqiA	442	330	355
cpdA	339	258	222
yqiB	383	262	319
nudF	175	137	182
tolC	2716	2080	2398
ygiB	526	426	484
ygiC	781	660	594
ygiD	61	31	45
zupT	418	298	430
ribB	1349	944	1106
yqiC	156	129	100
ygiL	6	8	4
yqiG	17	17	13
insC1e	0	0	0
insD1f	0	0	0
yqiH	0	2	0
yqiI	5	4	4
glgS	39	34	68
yqiJ	76	61	65
yqiK	26	16	41
sibD	9	5	14
ibsD	0	0	0
sibE	4	0	5
ibsE	0	0	0
hldE	997	912	881
glnE	1336	945	1177
ygiF	424	366	420
ygiM	1269	1136	744
cca	419	316	335
bacA	368	323	296
folB	322	290	285
plsY	256	230	198
ttdR	7	3	9
ttdA	5	5	6
ttdB	10	9	23
ttdT	2	2	5
tsaD	164	143	160
rpsU	630	583	576
dnaG	1138	935	993
rpoD	9132	6445	8426
mug	36	44	61
ileX	0	0	0
yqjH	315	309	327
yqjI	142	149	147
aer	873	793	702
patA	178	91	275
ygjH	0	0	0
ebgR	118	97	107
ebgA	12	5	4
ebgC	0	0	1
ygjI	3	5	2
ygjJ	0	2	1
ygjK	10	4	13
fadH	44	49	51
higA	38	24	30
higB	23	16	14
rlmG	72	72	90
ygjP	10	11	12
ygjQ	2	0	0
ygjR	182	118	198
alx	312	182	335
sstT	1582	1294	1311
ygjV	13	14	11
uxaA	182	107	142
uxaC	345	231	371
exuT	37	20	26
exuR	269	300	307
yqjA	185	127	161
mzrA	60	26	29
yqjC	440	280	522
yqjD	505	320	622
yqjE	620	356	640
yqjK	889	455	1114
yqjF	3	0	0
yqjG	158	92	178
yhaH	189	166	196
yhaI	12	11	11
yhaJ	130	94	124
yhaK	8	11	3
yhaL	25	13	19
yhaM	58	49	67
yhaO	24	20	38
tdcG	58	42	67
tdcF	15	10	22
tdcE	84	53	61
tdcD	37	27	30
tdcC	225	148	169
tdcB	0	3	0
tdcA	1	1	3
tdcR	0	0	0
yhaB	0	0	0
yhaC	1	1	0
rnpB	289	290	285
garK	46	35	44
garR	27	12	14
garL	9	8	12
garP	3	1	2
garD	32	28	28
prlF	142	112	163
yhaV	26	41	57
agaR	284	265	328
kbaZ	17	18	32
agaV	40	48	39
agaW	2	2	3
agaA	5	2	3
agaS	9	1	3
kbaY	0	1	2
agaB	0	0	1
agaC	5	2	2
agaD	16	4	21
agaI	9	10	13
yraH	28	14	18
yraI	0	4	2
yraJ	15	31	16
yraK	25	19	24
rsmI	87	68	89
lpoA	937	775	886
yraN	283	259	218
diaA	132	130	133
yraP	1163	1160	1188
yraQ	113	217	157
yraR	11	22	19
yhbO	2	0	0
yhbP	31	29	34
yhbQ	16	21	9
yhbS	223	233	259
yhbT	671	614	758
yhbU	7	4	6
yhbV	6	9	8
yhbW	470	313	577
mtr	83	99	76
deaD	2504	1881	1684
yrbN	31	8	19
nlpI	1220	967	948
pnp	12214	11508	10017
psrO	0	0	1
rpsO	1869	1628	1618
truB	522	472	429
rbfA	160	154	111
infB	7086	6960	5280
nusA	3165	2730	2587
rimP	3234	2713	2330
metY	2	0	0
argG	15364	21452	10433
yhbX	26	25	19
leuU	0	0	0
secG	591	640	566
glmM	1206	1093	1038
folP	724	624	627
ftsH	6094	5165	5485
rlmE	1105	920	1202
yhbY	147	120	99
greA	667	503	638
dacB	364	256	326
obgE	1154	1189	943
yhbE	165	170	183
rpmA	225	199	185
rplU	4171	4371	3481
ispB	1604	1443	1411
sfsB	2	5	4
murA	2921	2676	2502
ibaG	667	577	617
mlaB	147	93	146
mlaC	1516	1449	1584
mlaD	409	342	420
mlaE	658	469	550
mlaF	410	324	385
yrbG	249	193	204
kdsD	4548	3451	3865
kdsC	805	526	695
lptC	423	356	398
lptA	281	198	225
lptB	1053	953	964
rpoN	2499	1846	2064
hpf	302	263	329
ptsN	813	598	726
yhbJ	620	544	569
npr	149	115	115
yrbL	364	301	355
mtgA	49	51	49
elbB	341	302	351
arcZ	2	3	3
arcB	723	540	728
yhcC	6	7	15
gltB	46114	38408	35641
gltD	18122	15790	15690
gltF	160	187	161
yhcA	10	10	6
yhcD	20	19	28
yhcE	5	4	0
insH1j	0	0	0
yhcF	11	19	13
yhcG	21	26	29
yhcH	3	2	3
nanK	42	37	63
nanE	31	7	25
nanT	43	37	33
nanA	55	76	66
nanR	159	178	155
dcuD	4	11	0
sspB	245	211	167
sspA	1404	1199	1162
rpsI	4975	5685	3753
rplM	14600	18758	10764
yhcM	243	213	265
yhcB	1136	790	1073
degQ	396	202	435
degS	550	403	589
mdh	13378	8104	11387
argR	193	230	162
yhcN	18	16	30
yhcO	24	8	35
aaeB	52	25	33
aaeA	15	15	13
aaeX	0	1	2
aaeR	133	91	109
tldD	324	262	335
yhdP	509	417	370
rng	885	837	732
yhdE	515	565	479
mreD	252	236	244
mreC	1412	1307	1289
mreB	2860	2674	2458
csrD	257	144	218
acuI	389	350	427
yrdF	17	9	12
yrdE	4	1	1
accB	1409	1228	1259
accC	6251	5190	5497
yhdT	177	115	135
panF	262	181	207
prmA	711	590	567
dusB	3179	3480	2508
fis	718	689	585
yhdJ	31	35	33
yhdU	17	14	16
envR	0	0	0
acrE	0	4	2
acrF	22	24	40
yhdV	10	9	10
yhdW	100	123	84
yhdX	20	8	8
yhdY	6	25	13
yhdZ	37	33	36
rrfF	0	0	0
thrV	0	0	0
rrfD	0	0	0
rrlD	74	283	92
alaU	0	0	0
ileU	0	0	0
rrsD	1	24	6
yrdA	707	411	527
yrdB	31	23	27
aroE	478	433	501
tsaC	56	23	53
yrdD	311	232	325
smg	316	257	289
smf	170	158	191
def	1364	1118	1179
fmt	1331	1152	1231
rsmB	193	143	112
trkA	255	129	197
mscL	304	256	419
arfA	11	10	20
zntR	28	17	22
yhdN	100	89	102
rplQ	6585	6547	4856
rpoA	105424	95860	78370
rpsD	57759	48826	41507
rpsK	68041	73066	45020
rpsM	14163	12394	11402
rpmJ	281	307	239
secY	45480	40047	33463
rplO	14352	15768	10081
rpmD	749	671	559
rpsE	7646	6209	5463
rplR	16549	15101	12741
rplF	17483	18732	12936
rpsH	7168	6666	5422
rpsN	27315	27272	18357
rplE	27118	23624	19894
rplX	93679	86912	70709
rplN	30832	28549	22660
rpsQ	16082	11387	9533
rpmC	952	711	566
rplP	10756	10819	7234
rpsC	21537	17470	14497
rplV	28292	19441	16083
rpsS	7674	6906	5570
rplB	8455	8542	5621
rplW	7843	7482	5751
rplD	18895	18870	12876
rplC	32617	26440	24995
rpsJ	10560	9100	7677
gspB	24	17	27
gspA	11	9	10
gspC	6	9	6
gspD	10	5	7
gspE	5	3	9
gspF	2	1	0
gspG	5	2	5
gspH	0	0	1
gspI	0	0	0
gspJ	0	0	0
gspK	2	0	3
gspL	20	14	13
gspM	7	5	1
gspO	6	4	8
bfr	105	66	72
bfd	43	52	53
chiA	103	88	64
tufA	64126	64338	46603
fusA	179008	160659	122451
rpsG	38272	36075	27030
rpsL	15746	14938	11098
tusB	67	61	63
tusC	170	174	172
tusD	233	194	172
yheO	502	387	498
fkpA	3380	3152	3091
slyX	10	11	7
slyD	2764	3080	3048
yheV	57	73	96
kefB	170	134	211
kefG	12	12	11
yheS	640	487	504
yheT	145	114	146
yheU	12	25	18
prkB	120	89	124
yhfA	265	322	376
crp	3104	2616	3120
yhfK	412	311	299
argD	929	1244	647
pabA	31	28	25
fic	42	33	76
yhfG	12	8	14
ppiA	110	100	100
tsgA	292	208	390
nirB	56	56	45
nirD	0	0	2
nirC	174	117	148
cysG	247	260	228
yhfL	0	0	1
frlA	7	1	0
frlB	16	8	5
frlC	9	14	13
frlD	17	6	12
frlR	67	71	60
yhfS	27	27	25
yhfT	12	10	11
yhfU	2	4	3
php	11	4	2
yhfW	1	0	1
yhfX	8	10	11
yhfY	7	7	1
yhfZ	27	52	37
trpS	1399	1222	1248
gph	408	348	386
rpe	542	444	541
dam	125	79	108
damX	2112	1977	1918
aroB	2152	1868	1934
aroK	1763	1873	1557
hofQ	9	3	9
hofP	10	13	7
hofO	0	0	4
hofN	2	2	5
hofM	11	7	11
mrcA	696	605	526
nudE	273	213	227
yrfF	525	452	564
yrfG	209	181	169
hslR	506	352	410
hslO	1236	949	838
yhgE	158	140	200
pck	597	452	552
envZ	303	230	284
ompR	399	372	428
greB	44	46	46
yhgF	2286	2005	1823
feoA	66	40	56
feoB	2145	1515	1653
feoC	3	4	9
yhgA	15	3	13
bioH	118	101	94
gntX	209	173	134
nfuA	1280	1158	1366
gntT	58	57	52
malQ	318	328	370
malP	909	756	900
malT	2079	1691	1848
rtcA	12	16	10
rtcB	148	78	77
rtcR	32	23	22
glpR	42	59	40
glpG	283	228	228
glpE	102	105	100
glpD	12107	10871	11720
yzgL	2	7	14
glgP	5217	3343	7163
glgA	2358	1662	2941
glgC	3304	2534	4032
glgX	1363	1245	1598
glgB	5681	4101	5509
asd	17365	15652	17397
yhgN	130	91	108
gntU	22	13	18
gntK	19	22	11
gntR	332	266	303
yhhW	126	77	149
yhhX	252	196	274
ryhB	0	0	0
yhhY	50	26	31
yhhZ	4	0	2
yrhA	0	0	0
insAf	0	0	0
insB1f	0	0	0
yrhD	0	0	0
yrhB	4	3	0
ggt	203	140	235
yhhA	18	7	35
ugpQ	119	65	113
ugpC	96	57	99
ugpE	64	40	124
ugpA	41	30	58
ugpB	270	133	298
livF	651	484	504
livG	1399	1169	1152
livM	1360	1138	1179
livH	1362	1150	1198
livK	4067	3648	3347
panM	36	33	26
livJ	5029	5329	5355
rpoH	995	874	942
ftsX	604	462	518
ftsE	423	344	333
ftsY	1056	1005	927
rsmD	59	61	60
yhhL	88	53	79
yhhM	37	12	13
yhhN	847	725	770
zntA	490	291	517
tusA	101	71	52
yhhQ	165	122	157
dcrB	193	153	196
yhhS	87	95	66
yhhT	79	42	41
acpT	38	31	58
nikA	8	15	14
nikB	4	20	8
nikC	8	7	13
nikD	2	11	5
nikE	7	14	14
nikR	84	64	70
rhsB	2	0	0
yhhH	5	6	11
yrhC	2	1	1
yhhI	6	2	2
yhhJ	134	150	130
rbbA	798	638	582
yhiI	538	483	452
yhiJ	8	4	8
yhiL	3	2	1
yhiM	3	7	15
yhiN	263	244	222
pitA	2059	1778	1903
uspB	44	20	34
uspA	7059	6030	8764
dtpB	68	46	75
rsmJ	160	113	161
prlC	4132	3160	3575
rlmJ	251	191	190
gor	639	496	640
dinQ	0	2	2
arsR	0	13	5
arsB	68	43	49
arsC	33	24	30
yhiS	4	2	2
insH1k	0	1	1
slp	16	12	32
dctR	6	4	1
yhiD	5	3	6
hdeB	52	51	65
hdeA	107	100	143
hdeD	24	18	23
arrS	0	0	0
gadE	8	4	29
mdtE	8	2	5
mdtF	20	16	39
gadW	16	21	31
gadY	0	0	0
gadX	28	25	50
gadA	5	5	15
yhjA	18	16	6
treF	172	132	249
yhjB	19	23	33
yhjC	50	41	37
yhjD	204	93	223
yhjE	6383	3848	6885
yhjG	1258	883	1235
yhjH	1192	891	865
kdgK	344	306	299
yhjJ	183	136	159
dctA	185	240	180
yhjK	357	263	257
bcsC	241	178	230
bcsZ	19	17	25
bcsB	74	80	85
bcsA	73	63	89
bcsQ	25	11	43
yhjR	42	32	45
bcsE	297	195	339
bcsF	61	57	88
bcsG	302	226	344
ldrD	26	10	31
rdlD	1	0	0
yhjV	103	86	94
dppF	433	340	311
dppD	1261	1012	786
dppC	263	282	196
dppB	236	258	187
dppA	7165	5829	6336
proK	0	0	0
eptB	62	90	66
yhjX	7	6	9
yhjY	47	29	54
tag	121	50	84
yiaC	32	27	48
bisC	1204	793	1268
yiaD	52	80	42
ghrB	2690	2158	3059
yiaF	290	253	322
yiaG	43	26	71
cspA	149	177	153
mokA	0	0	0
hokA	0	0	0
insJ	6	8	8
insK	3	0	5
sokA	0	0	0
glyS	4254	3834	3905
glyQ	1979	1684	1594
ysaB	4	0	0
wecH	40	34	44
yiaA	3	0	2
yiaB	20	12	8
xylB	18	18	32
xylA	37	43	50
xylF	6	4	8
xylG	0	5	9
xylH	15	16	23
xylR	89	62	106
bax	601	473	455
malS	48	37	47
avtA	1421	1229	1158
ysaA	72	65	77
yiaJ	354	248	278
yiaK	5	8	6
yiaL	4	2	1
yiaM	4	0	0
yiaN	1	1	3
yiaO	4	2	1
lyxK	12	3	2
yiaQ	1	2	6
yiaR	2	7	20
yiaS	2	3	0
ysaC	0	0	0
ysaD	1	1	0
yiaT	9	11	13
yiaU	35	31	40
yiaV	15	3	11
yiaW	0	0	0
aldB	27	24	32
yiaY	0	3	0
selB	550	417	453
selA	212	197	204
yibF	144	120	142
rhsA	2	0	4
yibA	17	14	19
yibJ	15	7	5
yibG	0	1	0
yibS	0	4	5
yibW	0	3	0
yibV	0	1	0
yibU	0	0	0
yibH	37	13	41
yibI	17	13	24
mtlA	878	630	951
mtlD	837	780	948
mtlR	363	230	339
yibT	62	36	84
yibL	110	82	114
lldP	553	416	500
lldR	33	12	33
lldD	279	261	301
trmL	27	18	25
cysE	311	322	328
gpsA	1662	1376	1259
secB	1413	1184	1486
grxC	975	597	993
yibN	215	179	220
gpmM	5031	4344	4690
envC	678	668	701
yibQ	158	178	148
waaH	36	62	69
tdh	108	75	147
kbl	170	136	163
yibB	96	66	124
hldD	3941	3356	3747
waaF	347	288	285
waaC	233	166	161
waaL	68	65	38
waaU	68	34	41
waaZ	60	37	48
waaY	101	72	105
waaJ	49	46	39
waaR	128	83	148
waaB	204	127	181
waaS	147	116	152
waaP	146	104	157
waaG	359	284	399
waaQ	220	156	242
waaA	342	292	271
coaD	63	65	42
mutM	77	131	89
rpmG	234	210	193
rpmB	2088	2438	1863
yicR	116	105	78
dfp	1103	906	1041
dut	1044	1090	879
slmA	66	79	83
pyrE	39	65	26
rph	211	285	198
yicC	242	192	225
dinD	13	8	23
yicG	12	8	7
ligB	45	24	38
gmk	730	571	700
rpoZ	1903	1433	1608
spoT	2461	2017	2233
trmH	42	60	58
recG	765	707	557
gltS	136	80	137
xanP	2175	2169	2051
yicH	420	252	446
yicI	84	63	64
yicJ	13	4	18
selC	4	2	4
yicT	2	0	0
setC	11	10	23
yicL	90	100	118
nlpA	1145	1114	942
yicS	1	1	5
nepI	79	82	68
yicN	79	58	63
yicO	1	0	0
ade	106	91	105
uhpT	65	59	74
uhpC	74	58	73
uhpB	137	125	128
uhpA	579	478	569
ilvN	624	372	723
ilvB	2042	1330	2055
ivbL	415	193	321
istR	2	0	0
tisB	0	4	5
emrD	3	5	3
yidF	4	4	1
yidG	22	9	16
yidH	29	32	30
yidI	0	4	3
yidJ	8	9	23
yidK	2	2	7
yidL	3	3	4
glvG	6	3	8
glvC	7	2	3
yidP	4	2	3
yidE	305	224	341
ibpB	77	72	33
ibpA	1257	850	748
yidQ	12	7	21
yidR	84	63	96
cbrA	5	4	9
dgoT	6	5	8
dgoD	22	15	17
dgoA	10	13	12
dgoK	33	21	25
dgoR	66	50	73
yidX	9	7	19
yidA	1038	958	998
yidB	161	120	136
gyrB	3502	2917	3358
recF	209	195	178
dnaN	494	420	475
dnaA	1055	801	980
rpmH	563	561	584
rnpA	1193	1089	923
yidD	159	119	113
yidC	4066	3817	3420
mnmE	454	368	360
tnaC	10	0	4
tnaA	40	40	46
tnaB	1	2	7
mdtL	40	41	55
yidZ	67	95	80
yieE	61	53	64
chrR	75	56	90
purP	1723	1878	1430
yieH	29	29	40
cbrB	9	21	23
cbrC	45	34	65
yieK	3	1	4
yieL	24	9	19
bglH	11	7	16
bglB	3	2	2
bglF	2	0	7
bglG	6	0	3
phoU	236	170	393
pstB	652	423	774
pstA	273	197	359
pstC	491	303	637
pstS	876	583	1122
glmS	19358	16768	14361
glmU	2007	1768	1900
atpC	463	457	394
atpD	19617	17684	15596
atpG	16631	12462	12422
atpA	14904	13933	11789
atpH	3495	2849	2544
atpF	8018	7881	6570
atpE	12684	12299	10817
atpB	14214	14032	12365
atpI	356	351	364
rsmG	94	92	81
mnmG	1670	1415	1351
mioC	569	506	618
asnC	207	145	149
asnA	541	542	605
viaA	259	238	327
ravA	257	167	225
kup	546	426	473
rbsD	13	17	8
rbsA	158	217	158
rbsC	302	347	318
rbsB	453	479	396
rbsK	154	134	161
rbsR	55	54	32
hsrA	56	41	42
yieP	154	117	153
rrsC	0	20	3
gltU	34	9	37
rrlC	445	3292	1075
rrfC	1	12	2
aspT	0	0	0
trpT	0	0	0
hdfR	55	32	51
yifE	1232	1485	1346
yifB	33	13	16
ilvL	11	6	18
ilvX	456	392	474
ilvG	4281	3309	4178
ilvM	61	37	58
ilvE	762	565	772
ilvD	1437	846	1236
ilvA	430	331	361
ilvY	84	105	86
ilvC	22420	18883	24410
ppiC	98	113	108
yifN	7	5	5
rep	573	453	459
gpp	1201	975	1099
rhlB	1107	850	970
trxA	1647	1594	1526
rho	7374	6172	6416
wecA	676	698	644
wzzE	975	826	812
wecB	532	514	435
wecC	440	388	381
rffG	468	380	370
rffH	140	121	102
wecD	122	105	114
wecE	190	148	164
wzxE	216	172	161
wecF	115	124	117
wzyE	188	161	149
wecG	32	36	34
yifK	429	416	444
argX	89	90	60
hisR	304	316	313
leuT	12	3	11
proM	1	1	0
aslB	10	5	8
aslA	25	20	29
glmZ	12	6	8
hemY	412	375	344
hemX	316	229	348
hemD	489	389	379
hemC	795	719	735
cyaA	2886	2456	2596
cyaY	226	211	191
yifL	202	146	174
dapF	817	741	764
yigA	709	626	613
xerC	325	300	333
yigB	285	262	303
uvrD	692	549	631
yigE	0	0	7
corA	1712	1366	1603
yigF	1	2	0
yigG	0	1	2
rarD	117	109	129
yigI	115	144	171
pldA	407	264	330
recQ	414	325	312
rhtC	193	188	241
rhtB	83	60	86
pldB	310	199	308
yigL	291	252	245
yigM	53	61	109
metR	1575	973	1906
metE	118256	108799	77225
ysgA	210	130	286
udp	1078	815	1198
rmuC	117	92	87
ubiE	620	576	471
yigP	117	82	72
esrE	0	0	0
ubiB	436	426	427
tatA	289	261	306
tatB	468	462	410
tatC	197	237	182
tatD	127	111	85
rfaH	8	5	1
ubiD	1299	1121	1318
fre	678	621	651
fadA	117	106	124
fadB	206	161	257
pepQ	1751	1558	1649
yigZ	169	121	173
trkH	526	373	456
hemG	117	89	104
rrsA	1	9	11
ileT	0	0	0
alaT	0	0	0
rrlA	183	1071	359
rrfA	0	0	0
mobB	82	55	67
mobA	17	37	47
yihD	239	169	207
srkA	392	250	346
dsbA	1146	1051	1068
yihF	0	0	2
yihG	40	19	49
polA	1906	1584	1853
spf	0	2	1
yihA	905	947	773
csrC	1336	1152	1231
yihI	396	442	384
hemN	659	515	519
yshB	216	145	189
glnG	905	1006	637
glnL	157	196	187
glnA	31900	39166	24620
typA	19373	18045	17463
yihL	110	68	90
yihM	38	30	38
yihN	4	8	8
ompL	0	1	1
yihO	19	4	9
yihP	3	3	7
yihQ	20	9	9
yihR	1	0	2
yihS	18	8	18
yihT	16	6	22
yihU	13	4	7
yihV	9	15	24
yihW	54	69	67
yihX	195	155	233
yihY	97	80	103
dtd	388	317	355
yiiD	288	200	262
yiiE	3	3	5
yiiF	26	15	20
fdhE	453	374	415
fdoI	209	122	185
fdoH	964	567	695
fdoG	4531	3667	3353
fdhD	103	85	121
yiiG	9	4	3
frvR	5	2	4
frvX	15	18	15
frvB	1	3	6
frvA	0	0	0
rhaM	6	2	4
rhaD	8	1	10
rhaA	4	4	4
rhaB	1	4	1
rhaS	42	30	38
rhaR	0	3	5
rhaT	31	25	18
sodA	1689	1699	1765
kdgT	8	6	18
yiiM	101	57	98
cpxA	715	616	636
cpxR	396	300	370
cpxP	20	13	4
fieF	765	612	770
pfkA	4533	3881	4704
sbp	911	1062	533
cdh	72	57	59
tpiA	9745	8562	8135
yiiQ	55	91	50
yiiR	47	35	58
yiiS	125	79	118
uspD	598	436	685
fpr	246	168	233
glpX	581	572	566
glpK	3900	3396	3543
glpF	1136	938	1167
zapB	212	148	275
rraA	439	392	533
menA	520	457	501
hslU	3182	2065	2535
hslV	2191	1843	1946
ftsN	200	224	262
cytR	350	311	314
priA	214	186	176
rpmE	464	377	363
yiiX	378	200	303
metJ	474	382	451
metB	11501	7951	11973
metL	7226	4349	6924
metF	5790	4380	4936
katG	8871	6364	8120
yijE	45	56	45
yijF	1	3	2
gldA	120	48	74
fsaB	5	5	14
ptsA	16	17	34
frwC	7	6	5
frwB	2	4	2
pflD	41	35	46
pflC	12	5	4
frwD	5	0	4
yijO	41	42	47
eptC	825	1012	750
ppc	20312	16210	15012
argE	2392	2707	1844
argC	1516	1792	903
argB	3013	3980	1925
argH	4177	5766	2787
oxyS	0	0	0
oxyR	439	394	414
sthA	1028	1051	916
fabR	647	598	675
yijD	104	145	124
trmA	381	397	330
btuB	1486	1408	1321
murI	102	137	108
rrsB	0	0	0
gltT	0	0	0
rrlB	0	0	0
rrfB	0	0	0
murB	332	332	300
birA	456	432	428
coaA	521	365	423
thrU	7	12	10
tyrU	40	33	22
glyT	264	286	219
thrT	35	30	27
tufB	29955	29470	25634
secE	5964	4862	5055
nusG	1339	1292	1247
rplK	2454	2425	1924
rplA	22910	23188	16318
rplJ	14707	15849	11886
rplL	73895	61069	55761
rpoB	32459	27203	27804
rpoC	50877	42111	38867
yjaZ	7	11	5
sroH	12	4	5
thiH	2819	1872	2851
thiG	1542	897	1429
thiS	563	369	594
thiF	1647	818	1504
thiE	1116	606	1029
thiC	3655	1956	3469
rsd	381	274	396
nudC	326	329	340
hemE	586	428	526
nfi	125	103	101
yjaG	547	442	555
hupA	3188	2856	3700
yjaH	258	210	212
zraP	18	17	27
zraS	8	13	20
zraR	32	34	21
purD	2045	2030	1557
purH	1853	1858	1325
rrsE	0	0	0
gltV	84	26	29
rrlE	7	2	3
rrfE	0	0	0
yjaA	0	0	0
yjaB	22	16	5
metA	37541	20763	37269
aceB	15629	9090	15809
aceA	4750	3124	4981
aceK	887	524	931
arpA	11	7	8
iclR	52	71	75
metH	5906	4792	5541
yjbB	271	185	225
pepE	77	49	44
rluF	397	391	401
yjbD	223	146	198
lysC	5265	4399	4438
pgi	3767	2729	3360
yjbE	0	0	1
yjbF	6	11	8
yjbG	14	1	2
yjbH	12	10	13
yjbT	0	1	3
psiE	63	27	73
xylE	10	7	8
malG	59	57	85
malF	83	50	77
malE	205	220	197
malK	52	94	73
lamB	181	226	272
malM	101	93	97
yjbI	0	0	0
ubiC	290	242	284
ubiA	325	316	321
plsB	1475	1218	1106
dgkA	173	146	157
lexA	2947	2638	2692
dinF	118	119	154
yjbJ	10	2	10
zur	48	46	54
yjbL	0	0	0
yjbM	0	0	0
dusA	650	515	629
pspG	4	4	5
qorA	412	231	400
dnaB	1427	1309	1340
alr	324	340	274
tyrB	2058	1599	1853
yjbS	0	0	0
aphA	34	43	28
yjbQ	186	117	195
yjbR	135	99	145
uvrA	638	493	673
ssb	111	88	142
yjcB	8	14	18
yjcC	51	21	30
soxS	411	253	423
soxR	34	25	25
ryjA	0	5	1
yjcD	1987	2046	1601
yjcE	300	255	328
yjcF	0	4	0
actP	207	158	174
yjcH	55	26	36
acs	281	208	244
nrfA	73	50	46
nrfB	0	5	0
nrfC	1	1	2
nrfD	7	18	15
nrfE	17	8	11
nrfF	0	1	4
nrfG	9	2	6
gltP	548	325	406
yjcO	277	257	204
fdhF	126	102	113
mdtP	0	3	4
mdtO	6	3	7
mdtN	0	5	0
ytcA	0	0	0
yjcS	1	7	6
alsK	26	25	30
alsE	11	11	5
alsC	36	20	26
alsA	2	8	8
alsB	21	12	26
rpiR	162	125	170
rpiB	39	38	45
yjdP	85	67	86
phnP	60	22	48
phnO	15	12	15
phnN	2	1	0
phnM	0	2	6
phnL	3	5	10
phnK	1	6	4
phnJ	0	5	0
phnI	6	1	1
phnH	0	0	4
phnG	0	0	1
phnF	5	0	1
phnE	0	0	2
phnD	20	9	16
phnC	3	1	2
yjdN	5	5	17
yjdM	763	515	562
yjdA	2433	1940	2293
yjcZ	756	475	579
proP	1227	937	1205
pmrR	10	10	17
basS	168	117	141
basR	761	532	571
eptA	382	241	200
adiC	2	7	4
adiY	1	1	13
adiA	54	30	31
melR	12	8	8
melA	50	28	41
melB	4	9	6
yjdF	45	39	38
fumB	9	12	13
dcuB	4	11	4
dcuR	107	73	119
dcuS	169	146	124
yjdI	11	10	25
yjdJ	66	33	74
yjdK	0	2	1
yjdO	5	2	2
lysU	599	404	569
dtpC	36	20	13
cadA	13	13	12
cadB	4	5	3
cadC	0	5	8
yjdQ	0	0	0
pheU	2	0	2
yjdC	271	233	327
dsbD	700	469	620
cutA	45	47	65
dcuA	4891	4006	4025
aspA	323	317	290
fxsA	49	41	43
yjeH	345	266	352
groS	14192	9065	10488
groL	49460	35231	36490
yjeI	961	701	934
yjeJ	30	12	33
epmB	223	199	187
efp	2509	2299	1891
ecnA	71	47	62
ecnB	15	12	26
sugE	40	28	49
blc	74	47	106
ampC	19	19	13
frdD	9	4	8
frdC	16	15	27
frdB	24	13	32
frdA	150	121	139
epmA	89	71	92
yjeM	13	12	7
yjeN	11	5	13
yjeO	1	4	1
mscM	384	323	371
psd	768	505	619
rsgA	1157	939	1099
orn	370	362	336
glyV	8	4	6
glyX	128	53	102
glyY	13	14	17
yjeV	4	2	1
queG	46	55	39
nnr	441	313	453
tsaE	28	20	16
amiB	221	171	151
mutL	352	283	284
miaA	1045	925	971
hfq	446	437	413
hflX	2093	1872	2015
hflK	3143	2246	2744
hflC	2168	1978	2021
yjeT	28	36	40
purA	28264	28006	24356
nsrR	107	77	92
rnr	1299	912	1306
rlmB	460	376	493
yjfI	4	1	0
yjfJ	0	2	2
yjfK	0	1	1
yjfL	0	0	2
yjfM	5	0	6
yjfC	11	4	8
aidB	86	42	135
yjfN	35	31	46
bsmA	7	5	2
yjfP	22	28	34
ulaR	77	71	84
ulaG	37	37	42
ulaA	11	7	6
ulaB	4	0	10
ulaC	24	14	13
ulaD	52	30	32
ulaE	62	40	46
ulaF	21	21	30
yjfY	0	0	6
rpsF	14100	12962	10123
priB	629	777	562
rpsR	1678	1698	1145
rplI	10764	5987	7059
yjfZ	7	0	7
ytfA	0	0	0
ytfB	205	194	228
fklB	1369	1178	948
cycA	1662	1343	1659
ytfE	46	45	60
ytfF	47	50	79
qorB	123	94	146
ytfH	17	13	11
cpdB	272	223	268
cysQ	327	201	325
ytfI	6	3	2
ytfJ	23	21	10
ytfK	0	3	5
ytfL	171	114	162
msrA	386	253	485
tamA	672	458	578
tamB	945	675	778
ytfP	10	16	28
chpS	254	159	244
chpB	51	70	62
ppa	5225	5969	5618
ytfQ	15	20	27
ytfR	44	29	28
ytfT	8	15	20
yjfF	18	14	28
fbp	2200	1783	2019
mpl	967	902	941
yjgA	954	642	1041
pmbA	728	645	720
cybC	107	101	138
nrdG	59	22	46
nrdD	273	156	356
treC	56	21	38
treB	51	68	89
treR	81	65	80
mgtL	26	17	17
mgtA	218	164	225
ridA	3247	4898	2119
pyrI	745	1011	547
pyrB	4322	5283	2616
pyrL	0	3	0
yjgH	18	24	20
bdcA	4	8	9
bdcR	112	98	102
tabA	318	263	333
yjgL	26	12	16
argI	1876	2078	1014
rraB	1238	1271	1320
yjgM	83	58	61
yjgN	2	0	2
valS	5376	4955	4974
holC	883	700	767
pepA	3314	2483	3115
lptF	667	600	713
lptG	335	268	363
yjgR	320	212	269
idnR	136	103	144
idnT	91	98	87
idnO	10	12	20
idnD	5	2	0
idnK	3	2	5
yjgB	41	17	95
leuX	0	0	0
intB	121	58	129
insC1f	0	0	0
insD1g	1	0	0
yjgX	6	3	2
yjgZ	0	0	0
insG	325	283	287
yjhB	29	20	49
yjhC	57	72	53
ythA	0	1	0
yjhD	2	7	0
yjhE	0	2	6
insO	45	33	31
insI1d	7	1	4
insM	7	14	18
yjhV	0	2	6
fecE	80	61	77
fecD	60	55	55
fecC	27	27	38
fecB	80	56	69
fecA	155	158	180
fecR	218	180	205
fecI	93	73	103
insAg	18	10	9
insB1g	14	10	17
yjhU	719	528	594
yjhF	15	3	12
yjhG	48	49	70
yjhH	39	21	31
yjhI	15	5	8
sgcR	8	32	42
sgcE	7	27	17
sgcA	7	2	4
ryjB	15	9	14
sgcQ	15	11	16
sgcC	14	23	29
sgcB	0	5	3
sgcX	12	25	26
yjhY	27	24	39
yjhP	30	16	25
yjhQ	8	6	6
yjhX	2	5	3
yjhZ	0	0	0
yjhR	34	13	19
nanS	19	8	14
nanM	37	22	80
nanC	2	4	5
fimB	191	138	203
fimE	27	27	39
fimA	10790	10599	10351
fimI	251	185	180
fimC	116	86	119
fimD	165	105	129
fimF	35	44	48
fimG	28	11	12
fimH	34	23	22
gntP	12	21	19
uxuA	56	104	62
uxuB	115	86	105
uxuR	222	153	180
yjiC	0	0	1
iraD	6	8	3
yjiE	126	85	130
iadA	227	310	211
yjiG	4	2	7
yjiH	2	4	0
kptA	11	4	9
yjiJ	17	12	21
yjiK	23	17	28
yjiL	7	1	3
yjiM	20	11	16
yjiN	63	47	65
mdtM	23	25	43
yjiP	166	102	104
yjiR	45	62	67
yjiS	0	1	1
yjiT	237	237	238
yjiV	98	70	134
mcrC	25	15	26
mcrB	83	57	78
symE	7	1	6
symR	0	0	2
hsdS	100	101	70
hsdM	1240	1061	950
hsdR	817	838	679
mrr	253	286	270
yjiA	108	96	100
yjiX	33	24	31
yjiY	64	34	47
tsr	8830	7043	6558
yjjL	20	10	18
yjjM	0	2	4
yjjN	8	2	1
opgB	673	493	596
yjjA	67	63	61
dnaC	137	85	172
dnaT	200	181	213
yjjB	0	8	5
yjjP	115	77	108
yjjQ	4	5	2
bglJ	2	0	4
fhuF	816	739	697
yjjZ	114	111	152
leuV	25	15	15
leuP	312	295	308
leuQ	137	166	134
rsmC	295	260	289
holD	120	82	78
rimI	440	300	347
yjjG	163	153	156
prfC	2477	2138	1983
osmY	1675	813	1964
ytjA	100	42	137
yjjU	149	123	151
yjjV	102	114	108
yjjW	5	11	6
yjjI	43	32	25
deoC	645	484	595
deoA	399	284	366
deoB	2565	1922	2309
deoD	1390	1239	1198
yjjJ	132	121	161
lplA	213	159	200
ytjB	78	59	83
serB	1053	830	832
radA	691	612	563
nadR	313	362	423
yjjK	2382	2130	1927
slt	1125	810	1209
trpR	351	352	400
yjjX	143	105	170
ytjC	390	393	350
rob	993	761	1183
creA	373	314	270
creB	324	337	312
creC	60	33	58
creD	16	12	23
arcA	6020	4484	7363
yjjY	3	0	0
yjtD	88	81	128
