Gene_ID	1021_a	1021_b	1021_c
SMb21652	161.4554247	120.0048714	164.4670864
SMb21653	9.885026	13.91360828	16.34455517
SMb21654	24.712565	17.39201035	15.32302047
SMb21655	199.3480243	157.3976936	211.4576825
SMb20002	97.20275567	81.74244863	92.95965754
SMb20003	210.8805547	207.8345236	252.3190705
SMb20004	95.55525134	116.5264693	114.4118862
SMb20005	46.13012134	52.17603104	42.90445733
SMb20006	57.66265167	48.69762897	60.2705472
SMb20007	41.18760834	18.26161086	51.07673491
SMb20008	62.60516467	66.95923984	83.76584526
SMb20009	285.0182497	352.1882095	370.8170955
SMb20010	62.60516467	53.04563156	82.74431056
SMb20011	21.41755633	19.13121138	32.68911034
SMb20012	80.72771234	46.95842794	89.89505345
SMb20013	215.8230677	228.7049361	220.6514948
SMb20014	212.528059	226.0961345	280.922042
SMb20015	212.528059	264.3585573	244.1467929
SMb20016	200.9955287	208.7041242	197.1561968
SMb20017	383.8685097	442.6266633	462.7552183
SMb20018	1171.375581	1032.215814	1059.331482
SMb20019	2774.397297	2616.627957	2967.558298
SMb20020	10659.35304	9616.042521	9996.738557
SMb20021	133.447851	100.87366	125.6487679
SMb20022	186.1679897	204.3561216	197.1561968
SMb20023	1438.271283	1544.410519	1680.424579
SMb20024	224.0605893	199.1385185	245.1683276
SMb20025	140.0378683	102.612861	113.3903515
SMb20026	29.655078	42.61042535	39.83985323
SMb20027	186.1679897	200.8777195	214.5222866
SMb20028	405.286066	370.4498204	313.6111524
SMb20029	103.792773	118.2656704	114.4118862
SMb20030	238.8881283	220.8785314	261.5128828
SMb20031	23.06506067	20.87041242	22.47376336
SMb20032	116.9728077	116.5264693	109.3042127
SMb20033	220.7655807	207.8345236	217.5868907
SMb20034	13.18003467	12.17440724	17.36608987
SMb20035	23.06506067	20.87041242	42.90445733
SMb20036	92.26024267	66.08963932	87.85198405
SMb20037	34.597591	24.34881449	41.88292263
SMb20038	26.36006933	23.47921397	25.53836746
SMb20039	329.5008667	330.4481966	357.5371444
SMb20040	49.42513	44.34962639	49.03366552
SMb20041	67.54767767	63.48083777	60.2705472
SMb20042	785.859567	793.9452724	924.4889019
SMb20043	222.413085	225.226534	226.780703
SMb20044	278.4282323	246.9665469	268.6636256
SMb20045	1003.330139	956.5605691	899.9720692
SMb20046	1385.551144	1397.448031	1273.853769
SMb20047	156.5129117	181.7465081	150.1656006
SMb20048	299.8457887	300.0121785	261.5128828
SMb20049	410.228579	386.9722302	373.8816996
NP_436592.1	410.228579	386.9722302	373.8816996
SMb20050	42.83511267	29.56641759	44.94752672
SMb20054	115.3253033	109.5696652	96.02426164
SMb20055	659.0017334	694.8108134	692.6005254
SMb20056	19422.42859	19605.14366	16968.71287
SMb20057	10982.26389	12268.3241	11032.57474
SMb20058	6469.749517	7536.827684	7119.075312
SMb20059	4512.514369	4754.106028	4216.895234
SMb20060	6.590017334	6.087203622	3.064604095
SMb22003	75.78519934	88.69925277	66.39975539
SMb20061	31.30258233	26.95761604	15.32302047
SMb20062	395.40104	367.8410188	307.4819442
SMb20063	370.688475	312.1865857	309.5250136
SMb20064	105.4402773	102.612861	116.4549556
SMb20065	6.590017334	11.30480673	14.30148578
SMb20066	16.47504333	13.04400776	16.34455517
SMb20067	47.77762567	55.65443311	45.96906142
SMb20068	182.872981	151.31049	130.7564414
SMb20069	2561.869238	2120.955662	2058.392417
SMb20070	120.2678163	130.4400776	158.3378782
SMb20071	16.47504333	25.218415	50.05520021
SMb20072	896.2423574	727.855633	873.412167
SMb20073	29.655078	46.08882742	34.73217974
SMb20074	3.295008667	6.956804139	14.30148578
SMb20075	3.295008667	2.608801552	4.086138793
SMb20076	16.47504333	37.39282225	38.81831853
SMb20077	149.9228943	175.6593045	116.4549556
SMb20078	87.31772967	113.9176678	90.91658814
SMb20079	144.9803813	154.7888921	156.2948088
SMb20080	14.827539	22.60961345	24.51683276
SMb20081	28.00757367	41.74082483	41.88292263
SMb20082	13.18003467	15.65280931	28.60297155
SMb20083	14.827539	13.04400776	10.21534698
SMb20084	24.712565	18.26161086	29.62450625
SMb20085	3.295008667	4.348002587	9.193812284
SMb20086	6.590017334	8.696005174	10.21534698
SMb20087	44.482617	58.26323466	53.11980431
SMb20088	51.07263434	59.13283518	90.91658814
SMb20089	9.885026	4.348002587	17.36608987
SMb20090	18.12254767	14.7832088	17.36608987
SMb20091	44.482617	28.69681707	29.62450625
SMb20092	8.237521667	10.43520621	14.30148578
SMb20093	14.827539	13.04400776	24.51683276
SMb20094	32.95008667	44.34962639	56.1844084
SMb20095	11.53253033	20.0008119	37.79678384
SMb20096	21.41755633	33.91442018	40.86138793
SMb20097	57.66265167	61.74163673	54.14133901
SMb20098	9.885026	16.52240983	13.27995108
SMb20099	47.77762567	81.74244863	76.61510237
SMb20100	56.01514734	73.91604398	55.16287371
SMb20101	278.4282323	275.663364	270.706695
SMb20102	477.7762567	449.5834675	455.6044754
SMb20103	72.49019067	77.39444605	80.70124116
SMb20104	181.2254767	200.8777195	176.7255028
SMb20105	433.2936397	443.4962639	382.0539771
SMb20106	194.4055113	198.268918	199.1992662
SMb20107	79.080208	77.39444605	98.06733103
SMb20108	65.90017334	98.26485846	107.2611433
SMb20109	23.06506067	32.17521914	52.09826961
SMb20110	14.827539	24.34881449	32.68911034
SMb20111	64.252669	73.04644346	92.95965754
SMb20112	24.712565	12.17440724	26.55990215
SMb20113	42.83511267	46.08882742	86.83044935
SMb20114	28.00757367	29.56641759	40.86138793
SMb20115	67.54767767	75.65524501	68.44282478
SMb20116	39.540104	51.30643052	82.74431056
SMb20117	105.4402773	78.26404656	91.93812284
SMb20118	258.6581803	206.9649231	198.1777315
SMb20119	238.8881283	239.1401423	208.3930784
SMb22004	428.3511267	401.755439	375.924769
SMb20121	431.6461354	371.3194209	337.1064504
SMb20122	6.590017334	8.696005174	6.12920819
SMb20123	265.2481977	227.8353355	226.780703
SMb20124	39.540104	51.30643052	42.90445733
SMb20125	19.770052	15.65280931	14.30148578
SMb20126	8.237521667	13.91360828	26.55990215
SMb20127	28.00757367	26.08801552	48.01213082
SMb20128	42.83511267	38.26242276	54.14133901
SMb20129	85.67022534	93.04725536	115.4334209
SMb20130	69.195182	64.35043828	85.80891465
SMb20131	36.24509534	43.48002587	33.71064504
SMb20132	235.5931197	231.3137376	269.6851603
SMb20133	286.665754	271.3153614	258.4482787
SMb20134	29.655078	33.04481966	38.81831853
SMb20135	16.47504333	17.39201035	14.30148578
SMb20136	57.66265167	46.08882742	49.03366552
SMb20137	74.137695	61.74163673	59.2490125
SMb20138	103.792773	73.04644346	76.61510237
SMb20139	56.01514734	48.69762897	36.77524914
SMb20140	82.37521667	94.78645639	100.1104004
SMb20141	118.620312	138.2664823	108.282678
SMb20142	46.13012134	63.48083777	53.11980431
SMb20143	74.137695	66.95923984	69.46435948
SMb20144	144.9803813	169.5721009	171.6178293
SMb20145	133.447851	140.8752838	121.5626291
SMb20146	181.2254767	164.3544978	158.3378782
SMb20147	149.9228943	153.9192916	149.1440659
SMb20148	438.2361527	394.7986349	402.4846711
SMb20149	293.2557713	308.7081837	300.3312013
SMb20150	69.195182	65.2200388	86.83044935
SMb20151	34.597591	30.43601811	43.92599202
SMb20152	62.60516467	80.0032476	116.4549556
SMb20153	144.9803813	118.2656704	144.0363925
SMb20154	672.181768	718.2900273	750.8280032
SMb20155	163.102929	166.0936988	202.2638703
SMb20156	288.3132583	242.6185443	302.3742707
SMb20157	350.918423	276.5329645	357.5371444
SMb20158	250.4206587	280.0113666	315.6542218
SMb20159	138.390364	144.3536859	232.9099112
SMb22005	23.06506067	38.26242276	39.83985323
SMb20161	639.2316814	571.3275399	532.2195778
SMb20162	392.1060314	315.6649878	369.7955608
SMb20163	110.3827903	98.26485846	156.2948088
SMb20164	252.068163	200.008119	255.3836746
SMb20165	79.080208	54.78483259	62.31361659
SMb20166	69.195182	47.82802845	60.2705472
SMb20167	388.8110227	396.5378359	373.8816996
SMb20168	90.61273834	86.09045122	91.93812284
SMb20169	230.6506067	224.3569335	193.070058
SMb20170	60.95766034	47.82802845	32.68911034
SMb20171	260.3056847	233.0529387	236.99605
SMb20172	182.872981	143.4840854	115.4334209
SMb20173	573.331508	455.6706711	435.1737815
SMb20174	90.61273834	87.82965225	72.52896358
SMb20175	74.137695	77.39444605	80.70124116
SMb20176	26.36006933	23.47921397	29.62450625
SMb20177	112.0302947	100.0040595	101.1319351
SMb20178	46.13012134	52.17603104	51.07673491
SMb20179	49.42513	53.91523208	42.90445733
SMb20180	32.95008667	35.65362121	42.90445733
SMb20181	116.9728077	126.9616755	122.5841638
SMb20182	133.447851	134.7880802	130.7564414
SMb20183	92.26024267	88.69925277	90.91658814
SMb20184	84.022721	112.1784667	147.1009965
SMb20185	64.252669	73.91604398	60.2705472
SMb20186	197.70052	165.2240983	160.3809476
SMb20194	18.12254767	24.34881449	27.58143685
SMb20195	52.72013867	63.48083777	74.57203297
SMb20196	97.20275567	108.7000647	130.7564414
SMb20197	51.07263434	36.52322173	48.01213082
SMb20198	102.1452687	112.1784667	120.5410944
SMb20199	56.01514734	62.61123725	68.44282478
SMb20200	70.84268634	53.04563156	98.06733103
SMb20201	52.72013867	49.56722949	55.16287371
SMb20202	60.95766034	52.17603104	46.99059612
SMb20203	258.6581803	282.6201681	256.4052093
SMb20204	151.5703987	130.4400776	158.3378782
SMb20205	278.4282323	210.4433252	245.1683276
SMb20206	126.8578337	109.5696652	121.5626291
SMb20207	29.655078	34.78402069	34.73217974
SMb20208	130.1528423	136.5272812	167.5316905
SMb20209	31.30258233	25.218415	36.77524914
SMb20210	32.95008667	62.61123725	54.14133901
SMb20211	217.470572	167.8328999	194.0915927
SMb20212	67.54767767	58.26323466	68.44282478
SMb20213	54.367643	52.17603104	90.91658814
SMb20214	46.13012134	45.2192269	54.14133901
SMb20215	123.562825	126.9616755	118.498025
SMb20216	123.562825	100.87366	117.4764903
SMb20217	80.72771234	93.91685588	91.93812284
SMb20218	151.5703987	167.8328999	179.7901069
SMb20219	163.102929	212.1825262	191.0269886
SMb22002	13.18003467	5.217603104	8.172277586
SMb20221	24.712565	14.7832088	21.45222866
SMb20222	6.590017334	3.478402069	9.193812284
SMb22001	34.597591	26.08801552	33.71064504
SMb20225	13.18003467	21.74001293	30.64604095
SMb20226	1.647504333	0.869600517	4.086138793
SMb20227	8.237521667	7.826404656	23.49529806
SMb20228	8.237521667	13.04400776	11.23688168
SMb20229	46.13012134	45.2192269	55.16287371
SMb20230	174.6354593	166.0936988	143.0148578
SMb20231	238.8881283	193.9209154	201.2423356
SMb20232	44.482617	58.26323466	56.1844084
SMb20233	37.89259967	37.39282225	43.92599202
SMb20234	80.72771234	106.9608636	83.76584526
SMb20235	67.54767767	47.82802845	66.39975539
SMb20236	14.827539	13.91360828	21.45222866
SMb20238	42.83511267	40.0016238	65.37822069
SMb20239	26.36006933	28.69681707	31.66757565
SMb20240	18.12254767	26.08801552	27.58143685
SMb20241	9.885026	24.34881449	30.64604095
SMb20242	11.53253033	13.04400776	28.60297155
SMb20243	9.885026	15.65280931	21.45222866
SMb20244	26.36006933	37.39282225	42.90445733
SMb20245	29.655078	20.87041242	30.64604095
SMb20246	24.712565	15.65280931	27.58143685
SMb20247	31.30258233	29.56641759	38.81831853
SMb20248	32.95008667	48.69762897	61.2920819
SMb20249	16.47504333	24.34881449	37.79678384
SMb20250	13.18003467	23.47921397	29.62450625
SMb20251	24.712565	18.26161086	32.68911034
SMb20252	28.00757367	33.91442018	38.81831853
SMb20253	9.885026	11.30480673	26.55990215
SMb20254	14.827539	16.52240983	13.27995108
SMb20255	77.43270367	78.26404656	65.37822069
SMb20256	357.5084404	424.3650525	403.5062058
SMb20257	248.7731543	259.1409542	286.0297155
SMb20258	163.102929	180.0073071	158.3378782
SMb20259	838.5797057	820.0332879	871.3690976
SMb20260	169.6929463	151.31049	186.9408498
SMb20261	530.4963954	627.8515735	627.2223047
SMb20262	4390.599049	4599.317136	4638.789065
SMb20263	5359.331597	5437.612035	6075.066851
SMb20264	1215.858198	1372.229616	1440.363925
SMb20265	851.7597404	982.6485846	980.6733103
SMb20266	1406.968701	1334.836794	1418.911696
SMb20267	1611.259238	1900.946731	2412.864957
SMb20268	2065.970434	2203.567711	2667.227097
SMb20269	1860.032392	2024.430004	2545.664468
SMb20270	1342.716032	1451.363263	1590.529525
SMb20271	627.699151	688.7236098	765.129489
SMb20272	184.5204853	210.4433252	190.0054539
SMb20273	88.965234	71.30724242	80.70124116
SMb20274	1.647504333	2.608801552	6.12920819
SMb20275	47.77762567	72.17684294	82.74431056
SMb20276	92.26024267	119.1352709	153.2302047
SMb20277	474.481248	500.889898	528.133439
SMb20278	243.8306413	241.7489438	208.3930784
SMb20279	171.3404507	185.2249102	145.0579272
SMb20280	553.561456	595.6763544	509.7458144
SMb20281	349.2709187	401.755439	358.5586791
SMb20282	174.6354593	209.5737247	183.8762457
SMb20283	265.2481977	304.3601811	190.0054539
SMb20284	545.3239344	573.0667409	416.7861569
SMb20285	200.9955287	226.965735	208.3930784
SMb20286	518.963865	588.7195503	594.5331944
SMb20287	151.5703987	140.8752838	136.8856496
SMb20288	172.987955	191.3121138	196.1346621
SMb20289	41.18760834	45.2192269	45.96906142
SMb20290	313.0258233	351.318609	308.5034789
SMb20291	1838.614836	1870.510713	1576.228039
SMb20292	2357.578701	2289.658162	2037.961723
SMb20293	44.482617	27.82721656	36.77524914
SMb20294	130.1528423	140.0056833	141.9933231
SMb20295	204.2905373	199.1385185	198.1777315
SMb20296	32.95008667	26.08801552	33.71064504
SMb20297	64.252669	52.17603104	57.2059431
SMb20298	41.18760834	52.17603104	63.33515129
SMb20299	133.447851	169.5721009	159.3594129
SMb20300	248.7731543	274.7937635	324.848034
SMb20301	51.07263434	40.0016238	48.01213082
SMb20302	6.590017334	2.608801552	3.064604095
SMb20303	385.516014	265.2281578	376.9463037
SMb20304	8.237521667	10.43520621	12.25841638
SMb20306	0	0	0
SMb20305	0	0	0
SMb20307	387.1635184	433.9306582	491.3581899
SMb20312	792.4495844	778.292463	743.6772603
SMb20313	143.332877	135.6576807	110.3257474
SMb20314	169.6929463	183.4857092	154.2517394
SMb20315	51.07263434	47.82802845	58.2274778
SMb20316	329.5008667	349.579408	309.5250136
SMb20317	186.1679897	229.5745366	232.9099112
SMb20318	107.0877817	105.2216626	106.2396086
SMb20319	107.0877817	139.1360828	148.1225312
SMb20320	98.85026	114.7872683	92.95965754
SMb20321	108.735286	101.7432605	90.91658814
SMb20322	9.885026	25.218415	31.66757565
SMb20323	82.37521667	97.39525794	90.91658814
SMb20324	118.620312	140.0056833	158.3378782
SMb20325	291.608267	253.0537506	421.8938304
SMb20326	116.9728077	117.3960698	130.7564414
SMb20327	85.67022534	110.4392657	108.282678
SMb20328	240.5356327	249.5753485	366.7309567
SMb20329	146.6278857	214.7913278	315.6542218
SMb20330	260.3056847	284.3593692	375.924769
SMb20331	568.388995	620.8947694	644.5883946
SMb20332	37.89259967	24.34881449	35.75371444
SMb20333	459.653709	430.4522561	341.1925892
SMb20334	1003.330139	897.4277339	896.9074651
SMb20335	1230.685737	1319.183985	1388.265655
SMb20336	663.9442464	723.5076304	683.4067131
SMb20337	780.917054	743.5084423	657.8683457
SMb20338	182.872981	206.0953226	175.7039681
SMb20339	47.77762567	71.30724242	50.05520021
SMb20340	37.89259967	23.47921397	20.43069397
SMb20341	28.00757367	32.17521914	28.60297155
SMb20342	4258.798702	3813.198269	3371.064504
SMb20343	1166.433068	968.7349763	923.4673672
SMb20344	492.6037957	460.0186737	398.3985323
SMb20345	3113.78319	2960.989762	2489.48006
SMb20346	1459.688839	1552.236923	1351.490406
SMb20347	1288.348389	1359.185609	1108.365148
SMb20348	87.31772967	89.56885329	105.2180739
SMb20349	105.4402773	90.43845381	86.83044935
SMb20350	18.12254767	22.60961345	21.45222866
SMb20351	47.77762567	48.69762897	78.65817177
SMb20352	59.310156	55.65443311	50.05520021
SMb20353	79.080208	80.0032476	97.04579633
SMb20354	146.6278857	177.3985055	154.2517394
SMb20355	49.42513	88.69925277	89.89505345
SMb20356	80.72771234	74.78564449	108.282678
SMb20357	11.53253033	14.7832088	19.40915927
SMb20358	59.310156	59.13283518	77.63663707
SMb20359	235.5931197	246.0969464	226.780703
SMb20360	135.0953553	133.0488792	134.8425802
SMb20361	200.9955287	195.6601164	193.070058
SMb20362	74.137695	81.74244863	93.98119224
SMb20363	87.31772967	70.43764191	82.74431056
SMb20364	87.31772967	78.26404656	119.5195597
SMb20365	364.0984577	295.6641759	416.7861569
SMb20366	380.573501	355.6666116	401.4631364
SMb20367	148.27539	125.2224745	162.424017
SMb20368	420.113605	438.2786608	352.4294709
SMb20369	299.8457887	334.7961992	329.9557075
SMb20370	131.8003467	150.4408895	185.9193151
SMb20371	82.37521667	70.43764191	73.55049827
SMb20372	62.60516467	58.26323466	68.44282478
SMb20373	23.06506067	24.34881449	19.40915927
SMb20374	125.2103293	106.9608636	102.1534698
SMb20375	161.4554247	161.7456962	120.5410944
SMb20376	36.24509534	40.87122432	38.81831853
SMb20377	54.367643	65.2200388	58.2274778
SMb20378	156.5129117	174.789704	163.4455517
SMb20379	171.3404507	164.3544978	110.3257474
SMb20380	107.0877817	103.4824616	107.2611433
SMb20381	70.84268634	54.78483259	62.31361659
SMb20382	54.367643	76.52484553	59.2490125
SMb20383	194.4055113	193.0513149	178.7685722
SMb20384	222.413085	251.3145495	217.5868907
SMb20385	182.872981	210.4433252	184.8977804
SMb20386	311.378319	298.2729775	262.5344175
SMb20387	120.2678163	133.9184797	121.5626291
SMb20388	77.43270367	78.26404656	108.282678
SMb20389	87.31772967	95.65605691	80.70124116
SMb20390	75.78519934	81.74244863	81.72277586
SMb20391	115.3253033	93.91685588	103.1750045
SMb20392	191.1105027	161.7456962	148.1225312
SMb20393	196.0530157	169.5721009	156.2948088
SMb20394	181.2254767	167.8328999	169.5747599
SMb20395	54.367643	59.13283518	67.42129008
SMb20396	9.885026	8.696005174	14.30148578
SMb20397	3.295008667	0	8.172277586
SMb20398	54.367643	56.52403363	66.39975539
SMb20399	51.07263434	42.61042535	29.62450625
SMb20400	11.53253033	11.30480673	11.23688168
SMb20401	1.647504333	3.478402069	3.064604095
SMb20402	0	5.217603104	21.45222866
SMb20403	3.295008667	0	1.021534698
SMb20404	37.89259967	38.26242276	56.1844084
SMb20405	141.6853727	129.5704771	111.3472821
SMb20406	243.8306413	166.9632993	263.5559521
SMb20407	235.5931197	200.008119	222.6945642
SMb20408	59.310156	40.0016238	54.14133901
SMb20409	82.37521667	47.82802845	62.31361659
SMb20410	79.080208	50.43683001	61.2920819
SMb20411	82.37521667	62.61123725	44.94752672
SMb20412	179.5779723	173.050503	131.7779761
SMb20413	253.7156673	242.6185443	234.9529806
SMb20414	41.18760834	26.95761604	45.96906142
SMb20415	65.90017334	63.48083777	77.63663707
SMb20416	691.95182	574.805942	617.0069577
SMb20417	54.367643	46.08882742	72.52896358
SMb20418	72.49019067	78.26404656	66.39975539
SMb20419	171.3404507	175.6593045	192.0485233
SMb20420	148.27539	127.8312761	132.7995108
SMb20421	4.942513	0	1.021534698
SMb20422	194.4055113	165.2240983	210.4361478
SMb20423	303.1407973	320.0129904	300.3312013
SMb20424	92.26024267	89.56885329	96.02426164
SMb20425	32.95008667	46.08882742	44.94752672
SMb20426	118.620312	162.6152967	146.0794619
SMb20427	123.562825	125.2224745	89.89505345
SMb20428	125.2103293	113.0480673	121.5626291
SMb20429	57.66265167	53.04563156	43.92599202
SMb20430	85.67022534	113.9176678	101.1319351
SMb20431	77.43270367	80.87284811	63.33515129
SMb20432	102.1452687	104.3520621	99.08886573
SMb20433	135.0953553	106.9608636	126.6703026
SMb20434	296.55078	234.7921397	210.4361478
SMb20435	342.6809014	288.7073718	210.4361478
SMb20436	26.36006933	25.218415	30.64604095
SMb20441	140.0378683	135.6576807	181.8331763
SMb20442	247.12565	212.1825262	208.3930784
SMb20443	65.90017334	58.26323466	64.35668599
SMb20444	154.8654073	156.5280931	170.5962946
SMb20445	135.0953553	162.6152967	187.9623845
SMb20446	344.3284057	366.1018178	413.7215528
SMb20447	1347.658545	1213.962322	986.8025185
SMb20448	446.4736744	368.7106194	319.7403606
SMb20449	803.9821147	809.5980817	723.2465664
SMb20450	1365.781092	1370.490415	1350.468871
SMb20451	672.181768	596.5459549	523.0257655
SMb20452	952.2575047	762.6396537	609.8562149
SMb20453	555.2089604	490.4546918	473.9921
SMb20454	36.24509534	44.34962639	35.75371444
SMb20455	112.0302947	131.3096781	130.7564414
SMb20456	316.320832	358.2754132	342.2141239
SMb20457	306.435806	349.579408	352.4294709
SMb20458	84.022721	70.43764191	90.91658814
SMb20459	82.37521667	52.17603104	62.31361659
SMb20460	29.655078	26.08801552	34.73217974
SMb20461	26.36006933	23.47921397	18.38762457
SMb20462	59.310156	43.48002587	58.2274778
SMb20463	59.310156	77.39444605	77.63663707
SMb20464	156.5129117	187.8337118	185.9193151
SMb20465	41.18760834	33.91442018	42.90445733
SMb20466	716.664385	740.0300403	646.631464
SMb20467	512.3738477	463.4970758	459.6906142
SMb20468	204.2905373	226.965735	216.565356
SMb20469	130.1528423	145.2232864	132.7995108
SMb20470	31.30258233	24.34881449	27.58143685
SMb20471	8.237521667	8.696005174	8.172277586
SMb20472	123.562825	100.0040595	81.72277586
SMb20473	46.13012134	42.61042535	34.73217974
SMb20474	24.712565	21.74001293	18.38762457
SMb20475	47.77762567	36.52322173	41.88292263
SMb20476	324.5583537	273.924163	334.0418463
SMb20477	52.72013867	60.0024357	61.2920819
SMb20478	110.3827903	129.5704771	130.7564414
SMb20479	126.8578337	106.9608636	123.6056985
SMb20480	97.20275567	93.91685588	96.02426164
SMb20481	448.1211787	426.1042535	422.9153651
SMb20482	375.630988	391.3202328	380.0109078
SMb20483	115.3253033	112.1784667	123.6056985
SMb20484	148.27539	173.9201035	246.1898623
SMb20485	59.310156	73.91604398	90.91658814
SMb20486	36.24509534	33.91442018	36.77524914
SMb20487	36.24509534	47.82802845	55.16287371
SMb20488	110.3827903	136.5272812	155.2732741
SMb20489	118.620312	133.0488792	180.8116416
SMb20490	100.4977643	143.4840854	135.8641149
SMb22020	158.160416	158.2672942	140.9717884
SMb20491	26.36006933	31.30561863	32.68911034
SMb20492	97.20275567	76.52484553	85.80891465
SMb20493	52.72013867	48.69762897	50.05520021
SMb20494	75.78519934	79.13364708	72.52896358
SMb20495	103.792773	105.2216626	114.4118862
SMb20496	154.8654073	128.7008766	155.2732741
SMb20497	70.84268634	80.87284811	79.67970646
SMb20498	64.252669	54.78483259	58.2274778
SMb20499	31.30258233	67.82884035	48.01213082
SMb20500	143.332877	155.6584926	126.6703026
SMb20501	62.60516467	83.48164967	79.67970646
SMb20502	65.90017334	46.08882742	55.16287371
SMb20503	64.252669	60.0024357	61.2920819
SMb20504	141.6853727	95.65605691	107.2611433
SMb20505	79.080208	69.56804139	79.67970646
SMb20506	102.1452687	69.56804139	80.70124116
SMb20507	143.332877	125.2224745	153.2302047
SMb20508	214.1755633	197.3993174	203.285405
SMb20509	235.5931197	222.6177324	208.3930784
SMb20510	349.2709187	371.3194209	336.0849157
SMb20511	189.4629983	194.7905159	197.1561968
SMb22021	69.195182	69.56804139	50.05520021
SMb20513	202.643033	203.4865211	147.1009965
SMb20514	230.6506067	255.6625521	206.350009
SMb20515	1100.532895	1040.042219	1041.965392
SMb20516	39.540104	35.65362121	31.66757565
SMb20517	79.080208	90.43845381	96.02426164
SMb20518	3.295008667	3.478402069	7.150742888
SMb20519	4.942513	5.217603104	12.25841638
SMb20520	9.885026	13.04400776	16.34455517
SMb20521	39.540104	39.13202328	39.83985323
SMb20522	29.655078	53.04563156	28.60297155
SMb20523	326.205858	325.2305935	273.7712991
SMb20525	120.2678163	81.74244863	107.2611433
SMb20527	16.47504333	13.04400776	13.27995108
SMb20528	28.00757367	26.08801552	26.55990215
SMb20529	47.77762567	39.13202328	33.71064504
SMb20530	16.47504333	13.91360828	14.30148578
SMb20531	41.18760834	44.34962639	53.11980431
SMb20532	56.01514734	54.78483259	53.11980431
SMb20533	1.647504333	0.869600517	0
SMb20534	72.49019067	85.2208507	81.72277586
SMb20535	113.677799	119.1352709	106.2396086
SMb20536	332.7958753	271.3153614	273.7712991
SMb20537	85.67022534	86.09045122	96.02426164
SMb20538	72.49019067	69.56804139	76.61510237
SMb20539	177.930468	150.4408895	149.1440659
SMb20540	34.597591	23.47921397	27.58143685
SMb20541	95.55525134	102.612861	88.87351875
SMb20542	4.942513	1.739201035	6.12920819
SMb20544	0	0	0
SMb20543	3.295008667	0	0
SMb20545	62.60516467	59.13283518	77.63663707
SMb20546	369.0409707	285.2289697	310.5465483
SMb20547	4.942513	4.348002587	5.107673491
SMb20548	62.60516467	53.04563156	62.31361659
SMb20549	16.47504333	13.91360828	19.40915927
SMb20550	135.0953553	91.30805432	110.3257474
SMb20551	418.4661007	280.0113666	438.2383856
SMb20552	461.3012134	374.797823	340.1710545
SMb20553	52.72013867	30.43601811	31.66757565
SMb20554	64.252669	48.69762897	62.31361659
SMb20555	24.712565	28.69681707	25.53836746
SMb20556	1184.555616	1208.744719	980.6733103
SMb20557	115.3253033	114.7872683	78.65817177
SMb20558	41.18760834	43.48002587	43.92599202
SMb20559	65.90017334	40.87122432	53.11980431
SMb20560	57.66265167	51.30643052	41.88292263
SMb20561	220.7655807	199.1385185	172.639364
SMb20562	308.0833103	302.62098	309.5250136
SMb20563	469.538735	478.2802845	393.2908588
SMb20803	436.5886484	439.1482613	305.4388748
SMb20804	258.6581803	227.8353355	195.1131274
SMb20805	377.2784924	340.0138023	288.0727849
SMb20806	2685.432063	2153.130881	1896.989935
SMb20807	369.0409707	409.5818437	327.9126381
SMb20808	640.8791857	623.5035709	496.4658634
SMb20809	504.136326	482.6282871	408.6138793
SMb20810	316.320832	266.9673588	254.3621399
SMb20811	571.6840037	533.9347177	463.776753
SMb20812	509.078839	442.6266633	394.3123935
SMb20813	528.848891	575.6755425	518.9396267
SMb20814	360.803449	315.6649878	307.4819442
SMb20815	1090.647869	1047.868623	916.3166243
SMb20816	973.675061	974.82218	764.1079543
SMb20817	403.6385617	361.7538152	376.9463037
SMb20818	60.95766034	75.65524501	107.2611433
SMb20819	36.24509534	31.30561863	39.83985323
SMb20820	54.367643	60.0024357	80.70124116
SMb20821	39.540104	31.30561863	48.01213082
SMb20822	357.5084404	333.0569981	307.4819442
SMb20823	831.9896884	661.7659937	577.1671045
SMb20824	2868.305044	2828.810483	2345.443667
SMb20825	265.2481977	254.7929516	191.0269886
SMb20826	88.965234	74.78564449	91.93812284
SMb20827	70.84268634	73.04644346	52.09826961
SMb20828	9.885026	17.39201035	14.30148578
SMb21663	1.647504333	3.478402069	5.107673491
SMb21664	1.647504333	0.869600517	9.193812284
SMb21665	8.237521667	9.565605691	20.43069397
SMb20829	146.6278857	120.8744719	117.4764903
SMb20830	240.5356327	248.705748	267.6420909
SMb20831	1988.53773	1935.730752	1820.374832
SMb20832	700.1893417	667.8531973	561.844084
SMb20833	285.0182497	315.6649878	243.1252582
SMb20834	772.6795324	846.1213034	813.1416198
SMb20835	481.0712654	440.0178618	385.1185812
SMb20836	3.295008667	12.17440724	18.38762457
SMb20837	51.07263434	46.08882742	34.73217974
SMb20838	21.41755633	27.82721656	24.51683276
SMb20839	18.12254767	6.087203622	12.25841638
SMb20840	41.18760834	24.34881449	14.30148578
SMb20841	23.06506067	19.13121138	26.55990215
SMb20842	46.13012134	46.95842794	44.94752672
SMb20843	39.540104	22.60961345	25.53836746
SMb21013	62.60516467	66.08963932	45.96906142
SMb21014	0	5.217603104	10.21534698
SMb21015	113.677799	103.4824616	112.3688168
SMb21016	113.677799	96.52565743	131.7779761
SMb21017	67.54767767	49.56722949	59.2490125
SMb21018	67.54767767	67.82884035	74.57203297
SMb21019	88.965234	92.17765484	87.85198405
SMb21021	108.735286	97.39525794	120.5410944
SMb21022	247.12565	280.8809671	279.9005073
SMb21023	64.252669	59.13283518	63.33515129
SMb21024	21.41755633	29.56641759	35.75371444
SMb21025	116.9728077	73.04644346	63.33515129
SMb21026	64.252669	47.82802845	43.92599202
SMb21027	21.41755633	18.26161086	21.45222866
SMb21028	16.47504333	7.826404656	15.32302047
SMb21029	60.95766034	31.30561863	59.2490125
SMb21030	64.252669	43.48002587	48.01213082
SMb21031	14.827539	19.13121138	14.30148578
SMb21032	8.237521667	9.565605691	16.34455517
SMb21034	14.827539	6.956804139	13.27995108
SMb21035	304.7883017	223.487333	196.1346621
SMb21036	8.237521667	30.43601811	21.45222866
SMb21037	21.41755633	20.87041242	33.71064504
SMb21038	8.237521667	9.565605691	15.32302047
SMb21039	8.237521667	6.956804139	16.34455517
SMb21040	24.712565	15.65280931	35.75371444
SMb21041	41.18760834	44.34962639	48.01213082
SMb21042	11.53253033	21.74001293	34.73217974
SMb21043	3.295008667	2.608801552	11.23688168
SMb21044	172.987955	146.9624874	153.2302047
SMb21695	21.41755633	18.26161086	18.38762457
SMb21698	44.482617	24.34881449	23.49529806
SMb21662	18.12254767	26.08801552	34.73217974
SMb21696	13.18003467	9.565605691	20.43069397
SMb21697	19.770052	11.30480673	22.47376336
SMb21661	39.540104	18.26161086	24.51683276
SMb21711	9.885026	4.348002587	3.064604095
SMb21045	0	0	0
SMb21046	24.712565	13.91360828	25.53836746
SMb21047	41.18760834	34.78402069	38.81831853
SMb21048	120.2678163	138.2664823	105.2180739
SMb21049	4.942513	6.956804139	7.150742888
SMb21050	72.49019067	64.35043828	77.63663707
SMb21051	57.66265167	75.65524501	72.52896358
SMb21052	62.60516467	53.91523208	42.90445733
SMb21053	82.37521667	121.7440724	107.2611433
SMb21054	70.84268634	46.95842794	53.11980431
SMb21055	32.95008667	19.13121138	39.83985323
SMb21056	177.930468	175.6593045	171.6178293
SMb21057	171.3404507	166.9632993	134.8425802
SMb21058	11.53253033	6.956804139	10.21534698
SMb21059	9.885026	15.65280931	25.53836746
SMb21060	56.01514734	44.34962639	49.03366552
SMb21061	126.8578337	113.9176678	110.3257474
SMb21062	126.8578337	132.1792786	112.3688168
SMb21063	200.9955287	200.8777195	163.4455517
SMb21064	103.792773	86.96005174	54.14133901
SMb21065	97.20275567	84.35125018	99.08886573
SMb21066	151.5703987	129.5704771	123.6056985
SMb21067	153.217903	114.7872683	110.3257474
SMb21068	327.8533623	246.9665469	261.5128828
SMb21069	367.3934664	351.318609	308.5034789
SMb21070	280.0757367	213.9217273	218.6084254
SMb21071	136.7428597	113.9176678	86.83044935
SMb21072	87.31772967	69.56804139	62.31361659
SMb21073	133.447851	108.7000647	126.6703026
SMb21074	59.310156	62.61123725	56.1844084
SMb21075	56.01514734	37.39282225	35.75371444
SMb21076	62.60516467	78.26404656	72.52896358
SMb21077	9.885026	13.91360828	8.172277586
SMb21078	118.620312	64.35043828	77.63663707
SMb21079	37.89259967	53.91523208	37.79678384
SMb21080	21.41755633	17.39201035	19.40915927
SMb21081	32.95008667	33.91442018	45.96906142
SMb21082	172.987955	145.2232864	138.928719
SMb21083	0	0	0
SMb21084	3.295008667	0	0
SMb21085	49.42513	73.91604398	77.63663707
SMb21086	112.0302947	103.4824616	102.1534698
SMb21087	14.827539	12.17440724	21.45222866
SMb21088	1.647504333	0.869600517	1.021534698
SMb21089	44.482617	50.43683001	69.46435948
SMb21090	41.18760834	57.39363415	78.65817177
SMb21091	571.6840037	641.7651818	586.3609168
SMb21092	235.5931197	266.9673588	227.8022377
SMb21093	182.872981	156.5280931	186.9408498
SMb21094	21.41755633	22.60961345	41.88292263
SMb21095	11.53253033	14.7832088	13.27995108
SMb21096	8.237521667	16.52240983	26.55990215
SMb21097	23.06506067	31.30561863	31.66757565
SMb21098	26.36006933	21.74001293	32.68911034
SMb21099	13.18003467	12.17440724	19.40915927
SMb21100	182.872981	166.9632993	191.0269886
SMb21101	298.1982843	294.7945754	275.8143685
SMb21102	179.5779723	189.5729128	200.2208009
SMb21103	92.26024267	83.48164967	85.80891465
SMb21104	26.36006933	36.52322173	24.51683276
SMb21105	32.95008667	28.69681707	34.73217974
SMb21106	19.770052	26.95761604	51.07673491
SMb21107	39.540104	46.95842794	42.90445733
SMb21108	36.24509534	30.43601811	23.49529806
SMb21109	54.367643	57.39363415	70.48589418
SMb21110	217.470572	200.008119	221.6730295
SMb21111	962.1425307	961.7781722	891.7997916
SMb21112	2164.820694	2044.430816	1851.020873
SMb21113	1209.268181	1135.698276	976.5871715
SMb21114	425.056118	436.5394597	425.9799692
SMb21115	60.95766034	80.0032476	65.37822069
SMb21116	469.538735	555.6747306	532.2195778
SMb21117	1710.109498	1749.636241	1449.557737
SMb21119	599.6915774	553.9355296	487.2720511
SMb21120	321.263345	297.4033769	334.0418463
SMb21121	1181.260607	998.3013939	1180.894111
SMb21122	662.296742	574.805942	769.2156278
SMb21123	230.6506067	232.1833381	263.5559521
SMb21124	1084.057851	1038.303018	1343.318128
SMb21125	377.2784924	405.2338411	510.7673491
SMb21126	372.3359794	400.016238	484.207447
SMb21127	397.0485444	380.0154261	408.6138793
SMb21128	196.0530157	188.7033123	222.6945642
SMb21129	426.7036224	476.5410835	494.422794
SMb21130	1009.920156	1316.575183	978.6302409
SMb21131	392.1060314	540.0219213	341.1925892
SMb21132	764.4420107	1020.041407	637.4376517
SMb21133	1715.052011	1952.253161	1396.437933
SMb21134	670.5342637	647.8523854	619.0500271
SMb21135	1336.126014	1252.224745	1225.841638
SMb21136	229.0031023	240.0097428	210.4361478
SMb21137	107.0877817	82.61204915	85.80891465
SMb21138	143.332877	100.0040595	109.3042127
SMb21139	105.4402773	78.26404656	63.33515129
SMb21140	238.8881283	290.4465728	255.3836746
SMb21216	143.332877	180.8769076	176.7255028
SMb21217	126.8578337	174.789704	109.3042127
SMb21218	121.9153207	227.8353355	175.7039681
SMb21219	36.24509534	42.61042535	41.88292263
SMb21220	51.07263434	66.08963932	44.94752672
SMb21221	570.0364994	684.3756072	590.4470556
SMb21222	413.5235877	367.8410188	411.6784834
SMb21223	1.647504333	4.348002587	2.043069397
SMb21224	4.942513	10.43520621	4.086138793
SMb21225	31.30258233	42.61042535	42.90445733
SMb21226	29.655078	18.26161086	19.40915927
SMb21227	32.95008667	40.0016238	39.83985323
SMb21228	51.07263434	50.43683001	56.1844084
SMb21229	64.252669	67.82884035	99.08886573
SMb21230	70.84268634	64.35043828	63.33515129
SMb21231	34.597591	32.17521914	38.81831853
SMb21232	118.620312	127.8312761	133.8210455
SMb21233	0	0	0
SMb21234	0	0	0
SMb21235	135.0953553	106.0912631	129.7349067
SMb21236	138.390364	156.5280931	137.9071843
SMb21237	205.9380417	166.0936988	144.0363925
SMb21238	56.01514734	42.61042535	39.83985323
SMb21239	385.516014	306.0993821	331.9987769
SMb21240	293.2557713	262.6193562	231.8883765
SMb21241	98.85026	100.0040595	95.00272694
SMb21242	51.07263434	73.04644346	53.11980431
SMb21243	107.0877817	80.0032476	68.44282478
SMb21244	70.84268634	64.35043828	49.03366552
SMb21245	146.6278857	156.5280931	165.4886211
SMb21246	29.655078	42.61042535	45.96906142
SMb21247	59.310156	47.82802845	52.09826961
SMb21248	131.8003467	138.2664823	156.2948088
SMb21249	164.7504333	188.7033123	186.9408498
SMb21250	233.9456153	253.0537506	222.6945642
SMb21251	489.308787	600.8939575	486.2505164
SMb21252	362.4509534	397.4074364	449.4752672
SMb21253	375.630988	376.537024	414.7430875
SMb21254	1523.941508	1542.671318	1340.253524
SMb21255	629.3466554	644.3739834	730.3973093
SMb21256	1517.351491	1613.97856	1846.934734
SMb21257	607.929099	572.1971404	930.6181101
SMb21258	293.2557713	263.4889568	353.4510056
SMb21259	1047.812756	940.0381593	998.0394002
SMb21260	1899.572496	1813.986679	1851.020873
SMb21261	1143.368007	1097.435853	1104.279009
SMb21262	423.4086137	369.5802199	354.4725403
SMb21263	387.1635184	399.1466375	371.8386302
SMb21264	708.4268634	628.7211741	657.8683457
SMb21265	556.8564647	584.3715477	691.5789907
SMb21266	537.0864127	614.8075658	702.8158724
SMb21267	317.9683363	311.3169852	280.922042
SMb21268	354.2134317	311.3169852	297.2665972
SMb21269	373.9834837	415.6690473	415.7646222
SMb21270	894.594853	853.0781075	745.7203297
SMb21271	479.423761	459.1490732	538.348786
SMb21272	179.5779723	226.0961345	195.1131274
SMb21273	304.7883017	352.1882095	274.7928338
SMb21274	133.447851	110.4392657	93.98119224
SMb21275	79.080208	75.65524501	69.46435948
SMb21277	90.61273834	106.9608636	146.0794619
SMb21278	207.585546	253.0537506	273.7712991
SMb21279	408.5810747	435.6698592	506.6812103
SMb21280	77.43270367	84.35125018	79.67970646
SMb21281	616.1666207	634.8083777	523.0257655
SMb22012	532.1438997	376.537024	401.4631364
SMb21283	192.758007	210.4433252	203.285405
SMb21284	700.1893417	644.3739834	650.7176028
SMb21285	395.40104	375.6674235	353.4510056
SMb21286	1306.470936	1256.572748	1221.755499
SMb21287	1484.401404	1183.526304	1359.662683
SMb21288	415.171092	435.6698592	490.3366552
SMb21289	291.608267	246.9665469	254.3621399
SMb21290	141.6853727	135.6576807	106.2396086
SMb21291	505.7838304	433.9306582	457.6475448
SMb21292	1462.983848	1263.529552	1159.441883
SMb21293	1327.888493	1161.786291	1151.269605
SMb21294	112.0302947	77.39444605	105.2180739
SMb21295	429.998631	314.7953873	420.8722957
SMb21296	311.378319	218.2697299	357.5371444
SMb21297	459.653709	413.9298463	622.1146312
SMb21298	2005.012774	1975.732375	2005.272613
SMb21299	242.183137	221.7481319	223.7160989
SMb21300	443.1786657	453.0618695	398.3985323
SMb21301	1372.37111	1394.83923	1356.598079
SMb21302	601.3390817	678.2884035	701.7943377
SMb21303	387.1635184	439.1482613	486.2505164
SMb21304	756.204489	787.8580687	851.9599383
SMb21143	439.883657	440.0178618	407.5923446
SMb21144	749.6144717	839.1644993	561.844084
SMb21145	293.2557713	348.7098075	314.6326871
SMb21146	258.6581803	260.8801552	279.9005073
SMb21147	70.84268634	101.7432605	99.08886573
SMb21148	148.27539	142.6144848	138.928719
SMb21149	77.43270367	80.87284811	74.57203297
SMb21150	97.20275567	79.13364708	62.31361659
SMb21151	329.5008667	337.4050007	270.706695
SMb21152	163.102929	150.4408895	157.3163435
SMb21153	69.195182	89.56885329	87.85198405
SMb21154	186.1679897	197.3993174	195.1131274
SMb21155	298.1982843	257.4017531	283.9866461
SMb21156	158.160416	118.2656704	89.89505345
SMb21157	112.0302947	105.2216626	81.72277586
SMb21158	181.2254767	202.6169205	182.854711
SMb21159	123.562825	145.2232864	115.4334209
SMb21160	431.6461354	454.8010706	439.2599202
SMb21161	230.6506067	211.3129257	261.5128828
SMb21162	97.20275567	80.87284811	93.98119224
SMb21163	1067.582808	1059.17343	1112.451286
SMb21164	205.9380417	209.5737247	216.565356
SMb21165	360.803449	400.016238	369.7955608
SMb21166	252.068163	303.4905806	315.6542218
SMb21167	3.295008667	13.04400776	6.12920819
SMb21168	135.0953553	159.1368947	175.7039681
SMb21169	518.963865	560.0227332	562.8656187
SMb21170	1573.366638	2334.007789	2440.446394
SMb21171	4077.573225	5635.011353	6011.731699
SMb21172	2029.725339	2627.932763	2706.045416
SMb21173	364.0984577	422.6258514	377.9678384
SMb21174	3869.987679	5425.437628	5880.975258
SMb21175	3326.311249	4567.141917	4161.732361
SMb21176	20028.71018	26843.69837	25565.94889
SMb21177	3431.751527	4861.066892	5046.381409
SMb21178	88.965234	104.3520621	109.3042127
SMb21179	362.4509534	466.9754778	455.6044754
SMb21180	247.12565	289.5769723	218.6084254
SMb21181	7670.780176	6450.696638	7631.885731
SMb21182	3240.641024	2800.113666	3372.086039
SMb21183	2481.141526	2156.609283	2750.992942
SMb21184	538.733917	543.5003234	531.1980431
SMb21185	2542.099186	2706.19681	2420.0157
SMb21186	8128.786381	8043.804786	7056.761696
SMb21187	149.9228943	166.0936988	137.9071843
SMb21188	131.8003467	140.8752838	126.6703026
SMb21189	209.2330503	216.5305288	187.9623845
SMb21190	144.9803813	206.0953226	192.0485233
SMb21191	377.2784924	384.3634287	360.6017485
SMb21192	2103.863034	2073.997234	1954.195878
SMb21196	10163.45423	9827.355447	9281.664268
SMb21197	2051.142895	2131.390868	1759.08275
SMb21198	2639.301942	2720.110418	2353.615945
SMb21199	4715.157402	4725.409211	4874.76358
SMb21200	560.1514734	599.1547565	589.4255209
SMb21201	635.9366727	674.8100015	648.6745334
SMb21202	79.080208	78.26404656	76.61510237
SMb21203	60.95766034	69.56804139	61.2920819
SMb21666	69.195182	67.82884035	49.03366552
SMb21204	130.1528423	107.8304642	114.4118862
SMb21205	70.84268634	81.74244863	92.95965754
SMb21206	229.0031023	268.7065599	319.7403606
SMb21207	398.6960487	426.1042535	440.2814549
SMb21208	795.744593	671.3315994	698.7297336
SMb21209	334.4433797	381.7546271	374.9032343
SMb21210	171.3404507	187.8337118	194.0915927
SMb21211	93.907747	128.7008766	140.9717884
SMb21212	337.7383883	374.797823	292.1589237
SMb21667	116.9728077	102.612861	84.78737995
SMb21213	224.0605893	236.5313407	207.3715437
SMb21214	309.7308147	369.5802199	383.0755118
SMb21215	130.1528423	169.5721009	160.3809476
SMb21307	42.83511267	53.91523208	48.01213082
SMb21308	130.1528423	203.4865211	104.1965392
SMb21309	257.010676	300.0121785	160.3809476
SMb21310	62.60516467	93.91685588	67.42129008
SMb21311	128.505338	205.2257221	129.7349067
SMb21312	107.0877817	159.1368947	96.02426164
SMb21313	349.2709187	440.8874623	246.1898623
SMb21314	782.5645584	1164.395093	428.0230386
SMb21315	497.5463087	698.2892154	381.0324424
SMb21316	637.584177	920.9069479	524.0473002
SMb21317	451.4161874	492.1938928	378.9893731
SMb21318	311.378319	453.9314701	380.0109078
SMb21319	146.6278857	196.5297169	133.8210455
SMb21320	186.1679897	239.1401423	190.0054539
SMb21321	98.85026	152.1800905	111.3472821
SMb21322	144.9803813	205.2257221	136.8856496
SMb21323	100.4977643	111.3088662	80.70124116
SMb21324	32.95008667	67.82884035	46.99059612
SMb21325	14.827539	27.82721656	24.51683276
SMb21326	75.78519934	115.6568688	82.74431056
SMb21327	36.24509534	46.08882742	39.83985323
SMb21328	29.655078	40.87122432	45.96906142
SMb21329	64.252669	56.52403363	71.50742888
SMb21330	32.95008667	13.04400776	17.36608987
SMb21331	133.447851	115.6568688	150.1656006
SMb21332	28.00757367	26.95761604	31.66757565
SMb21333	37.89259967	42.61042535	30.64604095
SMb21334	67.54767767	45.2192269	42.90445733
SMb21335	168.045442	157.3976936	161.4024823
SMb21336	19.770052	21.74001293	30.64604095
SMb21337	13.18003467	13.04400776	18.38762457
SMb21338	51.07263434	63.48083777	57.2059431
SMb21339	4.942513	5.217603104	7.150742888
SMb21340	21.41755633	26.95761604	52.09826961
SMb21341	77.43270367	89.56885329	95.00272694
SMb21342	51.07263434	37.39282225	52.09826961
SMb21343	51.07263434	45.2192269	57.2059431
SMb21344	112.0302947	108.7000647	125.6487679
SMb21345	627.699151	559.1531327	696.6866642
SMb21346	309.7308147	295.6641759	353.4510056
SMb21347	100.4977643	75.65524501	75.59356767
SMb21348	189.4629983	160.0064952	118.498025
SMb21349	168.045442	192.1817143	185.9193151
SMb21350	37.89259967	43.48002587	57.2059431
SMb21351	77.43270367	92.17765484	93.98119224
SMb21352	23.06506067	13.91360828	28.60297155
SMb21353	46.13012134	41.74082483	38.81831853
SMb21354	77.43270367	59.13283518	66.39975539
SMb21355	56.01514734	44.34962639	51.07673491
SMb21356	77.43270367	53.91523208	60.2705472
SMb21357	31.30258233	15.65280931	36.77524914
SMb21358	6.590017334	7.826404656	8.172277586
SMb21359	207.585546	205.2257221	203.285405
SMb21360	112.0302947	106.9608636	109.3042127
SMb21361	87.31772967	87.82965225	70.48589418
SMb21362	74.137695	65.2200388	71.50742888
SMb21668	23.06506067	10.43520621	11.23688168
SMb21363	52.72013867	88.69925277	79.67970646
SMb21364	69.195182	69.56804139	77.63663707
SMb21365	31.30258233	26.95761604	26.55990215
SMb21669	16.47504333	6.087203622	4.086138793
SMb21366	6.590017334	4.348002587	13.27995108
SMb21367	11.53253033	5.217603104	21.45222866
SMb21368	8.237521667	8.696005174	23.49529806
SMb21369	143.332877	113.0480673	124.6272332
SMb21370	59.310156	73.91604398	90.91658814
SMb21371	47.77762567	43.48002587	45.96906142
SMb21372	296.55078	217.4001293	251.2975358
SMb21373	42.83511267	53.04563156	74.57203297
SMb21374	37.89259967	33.91442018	36.77524914
SMb21375	21.41755633	22.60961345	27.58143685
SMb21376	39.540104	52.17603104	66.39975539
SMb21377	93.907747	113.9176678	113.3903515
SMb21378	8.237521667	7.826404656	5.107673491
SMb21379	153.217903	121.7440724	145.0579272
SMb21380	133.447851	130.4400776	116.4549556
SMb21381	31.30258233	31.30561863	24.51683276
SMb21382	19.770052	31.30561863	35.75371444
SMb21383	72.49019067	62.61123725	62.31361659
SMb21384	23.06506067	25.218415	29.62450625
SMb21385	373.9834837	354.7970111	294.2019931
SMb21525	199.3480243	219.1393304	171.6178293
SMb21526	95.55525134	119.1352709	103.1750045
SMb21527	42.83511267	41.74082483	42.90445733
SMb21528	41.18760834	34.78402069	33.71064504
SMb21670	6.590017334	2.608801552	7.150742888
SMb21529	29.655078	29.56641759	41.88292263
SMb21530	245.4781457	232.1833381	221.6730295
SMb21531	13.18003467	28.69681707	35.75371444
SMb21532	16.47504333	19.13121138	36.77524914
SMb21533	341.033397	369.5802199	411.6784834
SMb21534	275.1332237	267.8369593	258.4482787
SMb21535	130.1528423	167.8328999	123.6056985
SMb21536	51.07263434	57.39363415	66.39975539
SMb21537	54.367643	44.34962639	49.03366552
SMb21538	39.540104	33.04481966	68.44282478
SMb21539	54.367643	41.74082483	44.94752672
SMb21671	16.47504333	13.04400776	14.30148578
SMb21540	80.72771234	87.82965225	84.78737995
SMb21541	32.95008667	44.34962639	51.07673491
SMb21542	65.90017334	46.95842794	58.2274778
SMb21543	233.9456153	167.8328999	202.2638703
SMb21544	54.367643	41.74082483	53.11980431
SMb21545	75.78519934	102.612861	100.1104004
SMb21546	186.1679897	180.8769076	163.4455517
SMb21547	37.89259967	13.04400776	28.60297155
SMb21548	126.8578337	148.7016885	212.4792172
SMb21549	461.3012134	619.1555684	336.0849157
SMb21550	492.6037957	698.2892154	540.3918554
SMb21551	37.89259967	45.2192269	26.55990215
SMb21552	54.367643	49.56722949	37.79678384
SMb21554	146.6278857	110.4392657	101.1319351
SMb21555	502.4888217	526.9779135	465.8198224
SMb21556	199.3480243	232.1833381	231.8883765
SMb21557	95.55525134	112.1784667	130.7564414
SMb21558	41.18760834	43.48002587	51.07673491
SMb21559	146.6278857	142.6144848	127.6918373
SMb21560	112.0302947	135.6576807	158.3378782
SMb21561	115.3253033	127.8312761	130.7564414
SMb21562	88.965234	100.87366	117.4764903
SMb21563	75.78519934	71.30724242	81.72277586
SMb21564	65.90017334	42.61042535	41.88292263
SMb21565	252.068163	231.3137376	327.9126381
SMb21566	14374.47531	11996.13914	17600.02132
NP_437546.1	14374.47531	11996.13914	17600.02132
SMb22023	3186.273381	2538.36391	3732.687787
SMb21568	11.53253033	15.65280931	12.25841638
SMb21569	266.895702	306.9689826	268.6636256
SMb21570	1998.422756	1838.335494	1872.473102
SMb21571	156.5129117	125.2224745	137.9071843
SMb21572	550.2664474	506.1075011	510.7673491
SMb21573	90.61273834	73.91604398	65.37822069
SMb21574	16.47504333	23.47921397	14.30148578
SMb21575	133.447851	108.7000647	113.3903515
SMb21576	52.72013867	37.39282225	31.66757565
SMb21577	52.72013867	40.87122432	44.94752672
SMb21578	864.939775	832.2076951	847.8737995
SMb21579	260.3056847	252.18415	251.2975358
SMb21580	169.6929463	155.6584926	156.2948088
SMb21581	87.31772967	74.78564449	73.55049827
SMb21582	9.885026	12.17440724	11.23688168
SMb21583	16.47504333	9.565605691	11.23688168
SMb21584	32.95008667	19.13121138	28.60297155
SMb21585	126.8578337	88.69925277	112.3688168
SMb21586	13.18003467	20.0008119	24.51683276
SMb21587	19.770052	16.52240983	34.73217974
SMb21588	29.655078	29.56641759	33.71064504
SMb21589	4.942513	9.565605691	23.49529806
SMb21590	6.590017334	18.26161086	23.49529806
SMb21591	29.655078	20.0008119	44.94752672
SMb21592	97.20275567	102.612861	124.6272332
SMb21593	59.310156	42.61042535	39.83985323
SMb21594	23.06506067	33.04481966	38.81831853
SMb21595	51.07263434	49.56722949	55.16287371
SMb21596	42.83511267	53.91523208	53.11980431
SMb21597	34.597591	38.26242276	43.92599202
SMb21598	149.9228943	142.6144848	143.0148578
SMb21599	34.597591	20.87041242	26.55990215
SMb21600	261.953189	267.8369593	272.7497644
SMb21601	105.4402773	105.2216626	79.67970646
SMb21602	102.1452687	86.96005174	83.76584526
SMb21603	138.390364	107.8304642	95.00272694
SMb21604	252.068163	206.9649231	240.0606541
SMb21605	220.7655807	224.3569335	248.2329317
SMb20924	733.1394284	583.5019472	681.3636437
SMb21672	9.885026	3.478402069	5.107673491
SMb20925	69.195182	60.87203622	61.2920819
SMb20926	16.47504333	16.52240983	15.32302047
SMb20927	16.47504333	8.696005174	18.38762457
SMb20928	70.84268634	50.43683001	70.48589418
SMb20929	47.77762567	46.95842794	55.16287371
SMb20930	92.26024267	83.48164967	81.72277586
SMb20931	355.860936	297.4033769	295.2235278
SMb20932	388.8110227	326.9697945	350.3864015
SMb20933	121.9153207	95.65605691	139.9502537
SMb20934	131.8003467	146.0928869	175.7039681
SMb20935	182.872981	176.528905	165.4886211
SMb20936	156.5129117	153.0496911	173.6608987
SMb20937	823.7521667	813.0764837	755.9356767
SMb20938	204.2905373	181.7465081	156.2948088
SMb20939	95.55525134	63.48083777	65.37822069
SMb20940	67.54767767	88.69925277	81.72277586
SMb20941	313.0258233	424.3650525	310.5465483
SMb20942	1123.597955	1231.354333	1151.269605
SMb20943	233.9456153	259.1409542	233.9314459
SMb20944	406.9335704	420.0170499	277.8574379
SMb20945	710.0743677	843.5125018	553.6718065
SMb20946	286.665754	343.4922044	225.7591683
SMb20947	578.274021	502.629099	423.9368998
SMb20948	311.378319	343.4922044	289.0943196
SMb20949	390.458527	390.4506323	361.6232832
SMb21690	617.814125	613.9379653	501.5735368
SMb20950	347.6234144	351.318609	293.1804584
SMb21673	51.07263434	68.69844087	58.2274778
SMb20951	428.3511267	380.8850266	339.1495198
SMb20952	80.72771234	65.2200388	68.44282478
SMb20953	31.30258233	26.08801552	17.36608987
SMb20954	191.1105027	168.7025004	102.1534698
SMb20955	161.4554247	141.7448843	102.1534698
SMb20956	370.688475	492.1938928	449.4752672
SMb20957	257.010676	282.6201681	229.8453071
SMb20958	113.677799	165.2240983	120.5410944
SMb20959	197.70052	226.965735	185.9193151
SMb20960	477.7762567	505.2379006	329.9557075
SMb20961	843.5222187	928.7333525	637.4376517
SMb20962	393.7535357	446.9746659	519.9611614
SMb20963	85.67022534	117.3960698	121.5626291
SMb20964	851.7597404	845.2517029	614.9638883
SMb20965	192.758007	168.7025004	141.9933231
SMb20966	397.0485444	506.1075011	512.8104185
SMb20967	225.7080937	224.3569335	216.565356
SMb20968	149.9228943	153.9192916	171.6178293
SMb20969	44.482617	27.82721656	26.55990215
SMb20970	36.24509534	38.26242276	48.01213082
SMb20971	115.3253033	73.04644346	106.2396086
SMb20972	29.655078	37.39282225	55.16287371
SMb20973	311.378319	288.7073718	337.1064504
SMb20974	103.792773	95.65605691	124.6272332
SMb20975	229.0031023	236.5313407	298.2881319
SMb20976	108.735286	71.30724242	83.76584526
SMb20977	97.20275567	95.65605691	121.5626291
SMb20978	16.47504333	20.87041242	25.53836746
SMb20979	42.83511267	42.61042535	51.07673491
SMb20980	4.942513	5.217603104	18.38762457
SMb20981	37.89259967	26.95761604	37.79678384
SMb20982	4.942513	3.478402069	2.043069397
SMb20983	6.590017334	5.217603104	7.150742888
SMb20984	32.95008667	43.48002587	61.2920819
SMb20985	11.53253033	14.7832088	16.34455517
SMb20986	217.470572	220.8785314	174.6824334
SMb20987	34.597591	29.56641759	31.66757565
SMb20988	51.07263434	29.56641759	29.62450625
SMb20989	37.89259967	28.69681707	53.11980431
SMb20990	108.735286	119.1352709	127.6918373
SMb20991	130.1528423	136.5272812	162.424017
SMb20992	710.0743677	741.7692413	632.3299782
SMb21674	425.056118	314.7953873	283.9866461
SMb20993	266.895702	219.1393304	208.3930784
SMb20994	504.136326	420.8866504	447.4321978
SMb20995	1266.930832	1440.058457	1442.406994
SMb20996	861.6447664	1084.391845	1034.814649
SMb20997	360.803449	397.4074364	356.5156097
SMb20998	250.4206587	258.2713537	215.5438213
SMb20999	1121.950451	1205.266317	1029.706976
SMb21000	1792.484715	2224.438123	2029.789445
SMb21001	365.745962	480.8890861	417.8076916
SMb21002	528.848891	574.805942	654.8037416
SMb21003	314.6733277	282.6201681	354.4725403
SMb21004	347.6234144	260.0105547	299.3096666
SMb21005	367.3934664	310.4473847	398.3985323
SMb21006	237.240624	153.9192916	218.6084254
SMb21007	367.3934664	296.5337764	365.709422
SMb21008	164.7504333	130.4400776	207.3715437
SMb21009	1833.672323	1631.370571	2361.788222
SMb21010	3031.407973	2693.152802	2347.486737
SMb21011	2375.701249	2162.696487	2239.204059
SMb20846	1652.446846	1597.45615	1824.460971
SMb21676	29.655078	48.69762897	46.99059612
SMb20847	97.20275567	87.82965225	109.3042127
SMb20848	289.9607627	221.7481319	216.565356
SMb20849	293.2557713	320.0129904	249.2544664
SMb20850	418.4661007	540.0219213	483.1859123
SMb20851	204.2905373	171.3113019	176.7255028
SMb20852	352.5659274	286.9681707	258.4482787
SMb20853	138.390364	122.6136729	95.00272694
SMb20854	126.8578337	139.1360828	129.7349067
SMb20855	98.85026	94.78645639	96.02426164
SMb20856	75.78519934	94.78645639	107.2611433
SMb20857	93.907747	87.82965225	89.89505345
SMb20858	9.885026	8.696005174	13.27995108
SMb20859	125.2103293	113.9176678	115.4334209
SMb21677	11.53253033	13.91360828	14.30148578
SMb20860	54.367643	60.87203622	61.2920819
SMb20861	19.770052	33.04481966	32.68911034
SMb20862	6.590017334	3.478402069	11.23688168
SMb20863	37.89259967	43.48002587	45.96906142
SMb20864	41.18760834	35.65362121	27.58143685
SMb20865	21.41755633	29.56641759	28.60297155
SMb20866	54.367643	48.69762897	44.94752672
SMb20867	0	2.608801552	3.064604095
SMb20868	431.6461354	412.1906452	375.924769
SMb20869	235.5931197	214.7913278	208.3930784
SMb20870	171.3404507	148.7016885	159.3594129
SMb20871	54.367643	68.69844087	49.03366552
SMb20872	112.0302947	121.7440724	93.98119224
SMb20873	441.5311614	459.1490732	425.9799692
SMb20874	505.7838304	503.4986996	532.2195778
SMb20875	1138.425494	1091.348649	1123.688168
SMb20876	398.6960487	533.0651171	677.2775049
SMb20877	448.1211787	343.4922044	571.0378963
SMb20878	247.12565	227.8353355	306.4604095
SMb20879	510.7263434	400.016238	392.2693241
SMb20880	1594.784195	1721.809024	1607.895615
SMb20881	148.27539	134.7880802	145.0579272
SMb20882	23.06506067	23.47921397	38.81831853
SMb20883	24.712565	22.60961345	25.53836746
SMb20884	174.6354593	227.8353355	245.1683276
SMb20885	209.2330503	251.3145495	259.4698134
SMb20886	1070.877817	1020.041407	883.627514
SMb20887	517.3163607	452.192269	438.2383856
SMb20888	596.3965687	619.1555684	601.6839373
SMb20889	177.930468	141.7448843	145.0579272
SMb20890	1568.424125	1632.240171	1587.464921
SMb20891	1235.62825	1298.313572	1327.995108
SMb20892	749.6144717	768.7268573	864.2183547
SMb20893	785.859567	751.334847	662.9760192
SMb20894	947.3149917	857.4261101	772.2802319
SMb20895	1276.815858	1120.915067	1161.484952
SMb20896	217.470572	274.7937635	253.3406052
SMb20897	238.8881283	225.226534	250.2760011
SMb20898	280.0757367	253.9233511	192.0485233
SMb21678	47.77762567	46.95842794	36.77524914
SMb20899	998.387626	1029.607013	1218.690895
SMb20900	103.792773	110.4392657	141.9933231
SMb21679	21.41755633	13.91360828	13.27995108
SMb20901	36.24509534	34.78402069	49.03366552
SMb20902	84.022721	59.13283518	92.95965754
SMb20903	42.83511267	53.91523208	73.55049827
SMb20904	54.367643	39.13202328	54.14133901
SMb21712	112.0302947	142.6144848	100.1104004
SMb20905	69.195182	60.0024357	73.55049827
SMb20906	28.00757367	21.74001293	28.60297155
SMb20907	37.89259967	40.87122432	40.86138793
SMb20908	57.66265167	40.87122432	69.46435948
SMb21680	9.885026	12.17440724	7.150742888
SMb21681	3.295008667	4.348002587	6.12920819
SMb20909	11.53253033	16.52240983	14.30148578
SMb20910	70.84268634	41.74082483	32.68911034
SMb20911	60.95766034	52.17603104	32.68911034
SMb20912	37.89259967	23.47921397	31.66757565
SMb20913	92.26024267	116.5264693	118.498025
SMb21682	57.66265167	55.65443311	51.07673491
SMb20914	220.7655807	175.6593045	174.6824334
SMb20915	1140.072999	1023.519809	855.0245424
SMb20916	49.42513	67.82884035	61.2920819
SMb20918	0	0	0
SMb20919	0	0	0
SMb20920	14.827539	12.17440724	7.150742888
SMb20921	0	2.608801552	1.021534698
SMb20922	4.942513	6.956804139	18.38762457
SMb21395	29.655078	23.47921397	29.62450625
SMb21396	72.49019067	55.65443311	62.31361659
SMb21397	4.942513	0.869600517	2.043069397
SMb21398	6.590017334	0.869600517	3.064604095
SMb21399	103.792773	66.08963932	79.67970646
SMb21683	57.66265167	41.74082483	48.01213082
SMb21400	34.597591	27.82721656	35.75371444
SMb21401	13.18003467	14.7832088	21.45222866
SMb21402	632.641664	526.108313	501.5735368
SMb21403	59.310156	44.34962639	56.1844084
SMb21404	14.827539	13.91360828	17.36608987
SMb21405	19.770052	24.34881449	27.58143685
SMb21406	4.942513	4.348002587	15.32302047
SMb21407	4.942513	10.43520621	22.47376336
SMb21408	6.590017334	7.826404656	12.25841638
SMb22015	37.89259967	40.0016238	29.62450625
SMb21410	879.767314	915.6893448	924.4889019
SMb21411	316.320832	210.4433252	269.6851603
SMb21412	44.482617	33.91442018	49.03366552
SMb21413	16.47504333	16.52240983	27.58143685
SMb21414	62.60516467	61.74163673	104.1965392
SMb21415	153.217903	125.2224745	168.5532252
SMb21416	400.343553	506.9771016	501.5735368
SMb21417	494.2513	610.4595632	577.1671045
SMb21418	642.52669	761.7700532	651.7391375
SMb21419	306.435806	261.7497557	253.3406052
SMb21684	36.24509534	22.60961345	22.47376336
SMb21420	110.3827903	81.74244863	108.282678
SMb21421	34.597591	34.78402069	50.05520021
SMb21422	28.00757367	33.04481966	50.05520021
SMb21423	39.540104	38.26242276	28.60297155
SMb21424	181.2254767	166.9632993	173.6608987
SMb21425	367.3934664	373.9282225	421.8938304
SMb21426	260.3056847	270.4457609	288.0727849
SMb21427	258.6581803	280.8809671	243.1252582
SMb21428	92.26024267	110.4392657	79.67970646
SMb21429	105.4402773	103.4824616	127.6918373
SMb21430	97.20275567	105.2216626	110.3257474
SMb21431	87.31772967	95.65605691	99.08886573
SMb21432	125.2103293	139.1360828	159.3594129
SMb21433	140.0378683	179.1377066	192.0485233
SMb21685	6.590017334	10.43520621	6.12920819
SMb21434	59.310156	48.69762897	59.2490125
SMb21435	65.90017334	61.74163673	99.08886573
SMb21436	64.252669	76.52484553	76.61510237
SMb21437	29.655078	33.91442018	22.47376336
SMb21438	270.1907107	208.7041242	197.1561968
SMb21439	77.43270367	80.87284811	87.85198405
SMb21440	372.3359794	334.7961992	223.7160989
SMb21441	16.47504333	22.60961345	26.55990215
SMb21442	3.295008667	6.956804139	8.172277586
SMb21443	0	5.217603104	6.12920819
SMb21444	3.295008667	8.696005174	14.30148578
SMb21445	34.597591	25.218415	22.47376336
SMb21446	164.7504333	217.4001293	182.854711
SMb21447	29.655078	30.43601811	59.2490125
SMb21448	23.06506067	33.04481966	20.43069397
SMb21449	34.597591	56.52403363	31.66757565
SMb21450	21.41755633	24.34881449	37.79678384
SMb21452	16.47504333	8.696005174	19.40915927
SMb21454	62.60516467	60.0024357	53.11980431
SMb21455	1631.02929	1180.917503	1695.747599
SMb21456	729.8444197	589.5891508	722.2250317
SMb21458	56.01514734	39.13202328	50.05520021
SMb21459	62.60516467	53.91523208	54.14133901
SMb21460	93.907747	94.78645639	89.89505345
SMb21461	232.298111	234.7921397	226.780703
SMb21462	130.1528423	128.7008766	130.7564414
SMb21463	177.930468	191.3121138	203.285405
SMb21464	133.447851	163.4848973	155.2732741
SMb21465	588.159047	580.0235451	615.985423
SMb21466	672.181768	823.5116899	712.0096847
SMb21467	90.61273834	91.30805432	95.00272694
SMb21468	189.4629983	155.6584926	186.9408498
SMb21469	90.61273834	75.65524501	97.04579633
SMb21470	54.367643	53.04563156	64.35668599
SMb21471	39.540104	30.43601811	27.58143685
SMb21472	16.47504333	17.39201035	18.38762457
SMb21473	8.237521667	6.956804139	10.21534698
SMb21474	16.47504333	23.47921397	18.38762457
SMb21475	4.942513	6.087203622	8.172277586
SMb21476	1.647504333	7.826404656	7.150742888
SMb21477	1.647504333	2.608801552	1.021534698
SMb21478	4.942513	6.956804139	8.172277586
SMb21479	1148.31052	1110.479861	1008.254747
SMb21480	212.528059	218.2697299	165.4886211
SMb21481	85.67022534	79.13364708	74.57203297
SMb21482	1.647504333	6.087203622	7.150742888
SMb21483	11.53253033	8.696005174	12.25841638
SMb21686	4.942513	3.478402069	4.086138793
SMb21484	172.987955	168.7025004	161.4024823
SMb21687	202.643033	200.008119	164.4670864
SMb21485	133.447851	169.5721009	136.8856496
SMb21486	357.5084404	437.4090602	389.20472
SMb21487	7842.120627	4641.927562	7380.588195
SMb21488	10703.83565	5959.372345	9506.401902
SMb21489	2270.260971	1273.095157	2098.23227
SMb22024	1912.752531	989.6053888	1706.984481
SMb21490	2242.253398	1291.356768	2516.039962
SMb21491	690.3043157	630.4603751	760.0218155
SMb21492	257.010676	288.7073718	277.8574379
SMb21493	285.0182497	292.1857738	260.4913481
SMb21494	3469.644126	3231.435523	2501.738476
SMb21689	247.12565	173.050503	175.7039681
SMb21495	204.2905373	202.6169205	134.8425802
SMb21496	9.885026	24.34881449	22.47376336
SMb21497	586.5115427	572.1971404	602.705472
SMb21498	598.044073	682.6364061	606.7916108
SMb21499	449.768683	593.9371534	526.0903696
SMb21500	268.5432063	337.4050007	303.3958054
SMb21501	130.1528423	165.2240983	136.8856496
SMb21502	411.8760834	529.5867151	520.9826961
SMb21503	418.4661007	443.4962639	386.1401159
SMb21504	210.8805547	251.3145495	177.7470375
SMb21505	138.390364	223.487333	156.2948088
SMb21506	1177.965598	1385.273624	1116.537425
SMb21507	176.2829637	153.9192916	148.1225312
SMb21508	393.7535357	430.4522561	402.4846711
SMb21509	57.66265167	52.17603104	54.14133901
SMb21510	31.30258233	20.87041242	10.21534698
SMb21511	31.30258233	29.56641759	35.75371444
SMb21512	367.3934664	369.5802199	306.4604095
SMb21513	214.1755633	329.5785961	252.3190705
SMb21514	553.561456	691.3324113	567.9732922
SMb21515	756.204489	815.6852853	744.698795
SMb21516	243.8306413	225.226534	281.9435767
SMb21517	52.72013867	36.52322173	42.90445733
SMb21518	44.482617	28.69681707	35.75371444
SMb21519	639.2316814	649.5915865	579.2101739
SMb21520	499.193813	557.4139316	520.9826961
SMb21521	336.090884	303.4905806	371.8386302
SMb21522	1334.47851	1306.139977	1535.366651
SMb21523	3945.772879	3826.242276	4252.648949
SMb21524	3271.943606	3065.341824	3295.470937
SMb20647	118.620312	133.9184797	110.3257474
SMb20648	214.1755633	177.3985055	163.4455517
SMb20649	1645.856829	1878.337118	1716.178293
SMb20650	2713.439637	3103.604246	2841.909531
SMb20651	757.8519934	764.3788548	732.4403786
SMb20652	1832.024819	2017.4732	2052.263209
SMb20654	18.12254767	34.78402069	32.68911034
SMb20655	32.95008667	25.218415	23.49529806
SMb20656	52.72013867	45.2192269	52.09826961
SMb20657	54.367643	44.34962639	59.2490125
SMb20658	100.4977643	102.612861	84.78737995
SMb20659	87.31772967	83.48164967	83.76584526
SMb20660	103.792773	76.52484553	114.4118862
SMb20661	75.78519934	50.43683001	83.76584526
SMb20662	85.67022534	56.52403363	107.2611433
SMb20663	194.4055113	175.6593045	240.0606541
SMb20664	856.7022534	741.7692413	976.5871715
SMb20665	4.942513	6.087203622	5.107673491
SMb20666	146.6278857	125.2224745	145.0579272
SMb20667	141.6853727	135.6576807	180.8116416
SMb20668	130.1528423	132.1792786	145.0579272
SMb20669	123.562825	122.6136729	135.8641149
SMb20670	415.171092	420.0170499	380.0109078
SMb20671	41.18760834	42.61042535	49.03366552
SMb20672	14.827539	20.87041242	24.51683276
SMb20673	331.148371	356.5362121	238.0175847
SMb20674	705.1318547	787.8580687	597.5977985
SMb20675	319.6158407	222.6177324	280.922042
SMb20676	237.240624	201.74732	233.9314459
SMb20677	9.885026	8.696005174	10.21534698
SMb20678	11.53253033	9.565605691	31.66757565
SMb20679	37.89259967	30.43601811	38.81831853
SMb20680	31.30258233	28.69681707	28.60297155
SMb20681	42.83511267	48.69762897	58.2274778
SMb20682	224.0605893	286.9681707	306.4604095
SMb20683	103.792773	103.4824616	122.5841638
SMb20684	645.8216987	671.3315994	403.5062058
SMb20685	696.894333	671.3315994	627.2223047
SMb20686	1233.980746	1187.874307	1065.46069
SMb20687	499.193813	502.629099	560.8225493
SMb20688	126.8578337	136.5272812	137.9071843
SMb20689	85.67022534	100.87366	121.5626291
SMb20690	26.36006933	35.65362121	36.77524914
SMb20691	19.770052	9.565605691	12.25841638
SMb20692	400.343553	371.3194209	408.6138793
SMb20694	24.712565	32.17521914	35.75371444
SMb20695	864.939775	821.7724889	922.4458325
SMb20696	2703.554611	2328.790185	2454.74788
SMb20697	392.1060314	428.7130551	318.7188259
SMb20698	16.47504333	32.17521914	30.64604095
SMb20699	29.655078	30.43601811	44.94752672
SMb20700	11.53253033	20.0008119	15.32302047
SMb20701	6.590017334	18.26161086	29.62450625
SMb20702	303.1407973	379.1458256	362.6448179
SMb20703	19.770052	26.08801552	29.62450625
SMb20704	19.770052	25.218415	32.68911034
SMb20705	729.8444197	729.5948341	735.5049827
SMb20706	663.9442464	647.8523854	541.4133901
SMb20707	517.3163607	520.8907099	601.6839373
SMb20708	257.010676	211.3129257	302.3742707
SMb20709	88.965234	77.39444605	87.85198405
SMb20710	227.355598	300.881779	260.4913481
SMb20711	62.60516467	83.48164967	80.70124116
SMb20712	599.6915774	406.9730421	635.3945823
SMb20713	591.4540557	480.0194856	631.3084435
SMb20714	306.435806	308.7081837	397.3769976
SMb20715	148.27539	183.4857092	156.2948088
SMb20716	60.95766034	59.13283518	72.52896358
SMb20717	112.0302947	152.1800905	163.4455517
SMb20718	64.252669	49.56722949	73.55049827
SMb20719	36.24509534	28.69681707	48.01213082
SMb20720	154.8654073	131.3096781	162.424017
SMb20721	280.0757367	257.4017531	278.8789726
SMb20722	123.562825	125.2224745	144.0363925
SMb20723	278.4282323	284.3593692	270.706695
SMb20724	630.9941597	545.2395244	622.1146312
SMb20725	163.102929	174.789704	187.9623845
SMb20726	200.9955287	229.5745366	204.3069397
SMb20727	4425.19664	4926.286931	3784.786057
SMb20728	3392.211422	3600.146142	2927.718445
SMb20729	486.0137784	446.1050654	447.4321978
SMb20745	1545.359065	1735.722633	1306.542879
SMb20746	469.538735	465.2362768	496.4658634
SMb20747	438.2361527	482.6282871	467.8628918
SMb20748	144.9803813	106.0912631	135.8641149
SMb20749	665.5917507	848.7301049	637.4376517
SMb20750	327.8533623	387.8418307	389.20472
SMb20751	532.1438997	503.4986996	704.8589418
SMb20752	724.9019067	553.065929	772.2802319
SMb20753	233.9456153	207.8345236	271.7282297
SMb20754	136.7428597	138.2664823	143.0148578
SMb20755	1128.540468	769.5964579	860.1322159
SMb20756	1897.924992	1284.399964	1416.868626
SMb20757	1420.148735	926.9941515	1196.217132
SMb20758	303.1407973	254.7929516	292.1589237
SMb20759	441.5311614	555.6747306	842.7661261
SMb20760	471.1862394	695.6804139	930.6181101
SMb20761	660.6492377	854.8173086	1075.676037
SMb20762	490.9562914	658.2875916	726.3111705
SMb20763	434.941144	593.9371534	674.2129008
SMb20764	380.573501	465.2362768	613.9423536
SMb20765	285.0182497	349.579408	427.0015039
SMb20766	3.295008667	5.217603104	4.086138793
SMb20767	833.6371927	918.2981463	1021.534698
SMb20768	182.872981	181.7465081	182.854711
SMb20769	107.0877817	123.4832735	121.5626291
SMb20770	57.66265167	43.48002587	50.05520021
SMb20771	212.528059	177.3985055	183.8762457
SMb20772	248.7731543	232.1833381	279.9005073
SMb20773	486.0137784	503.4986996	560.8225493
SMb20774	176.2829637	209.5737247	217.5868907
SMb20775	1245.513276	1401.796034	1318.801295
SMb20776	220.7655807	322.6217919	326.8911034
SMb20777	0	0	0
SMb20778	0	0.869600517	2.043069397
SMb20779	0	0	0
SMb20780	0	0	0
SMb21702	0	0	0
SMb21701	0	0	0
SMb20783	0	0	0
SMb20784	130.1528423	134.7880802	180.8116416
SMb20785	164.7504333	179.1377066	184.8977804
SMb20786	98.85026	100.87366	124.6272332
SMb20787	174.6354593	171.3113019	215.5438213
SMb20568	823.7521667	723.5076304	922.4458325
SMb20569	31.30258233	42.61042535	19.40915927
SMb20570	41.18760834	35.65362121	35.75371444
SMb20571	14.827539	36.52322173	24.51683276
SMb21691	23.06506067	28.69681707	38.81831853
SMb20573	8.237521667	6.956804139	6.12920819
SMb20574	60.95766034	55.65443311	96.02426164
SMb20575	116.9728077	131.3096781	160.3809476
SMb20576	133.447851	121.7440724	135.8641149
SMb20577	207.585546	186.9641112	259.4698134
SMb20578	151.5703987	160.0064952	141.9933231
SMb20579	253.7156673	252.18415	250.2760011
SMb20580	74.137695	109.5696652	96.02426164
SMb20581	431.6461354	393.9290344	376.9463037
SMb20582	200.9955287	184.3553097	175.7039681
SMb20583	128.505338	144.3536859	157.3163435
SMb20584	464.596222	537.4131197	456.6260101
SMb20585	490.9562914	514.8035063	442.3245243
SMb20586	110.3827903	94.78645639	98.06733103
SMb20587	100.4977643	93.91685588	111.3472821
SMb20588	87.31772967	79.13364708	99.08886573
SMb20589	230.6506067	275.663364	293.1804584
SMb20590	102.1452687	99.13445898	123.6056985
SMb20591	59.310156	86.09045122	41.88292263
SMb20592	80.72771234	94.78645639	70.48589418
SMb20593	59.310156	40.0016238	29.62450625
SMb20594	189.4629983	184.3553097	146.0794619
SMb20595	2603.056847	2622.71516	2111.512221
SMb20596	1047.812756	1113.088662	1048.0946
SMb20597	57.66265167	65.2200388	45.96906142
SMb20598	570.0364994	650.461187	762.0648849
SMb20599	706.779359	733.9428367	872.3906323
SMb20600	377.2784924	417.4082483	386.1401159
SMb21707	34.597591	27.82721656	38.81831853
SMb20602	26.36006933	20.0008119	20.43069397
SMb20603	13.18003467	17.39201035	38.81831853
SMb20604	46.13012134	36.52322173	55.16287371
SMb20605	143.332877	136.5272812	131.7779761
SMb20606	88.965234	99.13445898	96.02426164
SMb20607	107.0877817	84.35125018	91.93812284
SMb20608	34.597591	44.34962639	27.58143685
SMb20609	507.4313347	611.3291637	537.3272513
SMb20610	265.2481977	293.9249749	316.6757565
SMb20611	176.2829637	299.142578	179.7901069
SMb20612	431.6461354	512.1947047	545.4995289
SMb20613	280.0757367	278.2721656	328.9341728
SMb20614	1072.525321	1120.045466	1038.900788
SMb20615	3729.949811	4725.409211	4923.797246
SMb20616	1649.151838	2294.875765	2387.32659
SMb20617	1711.757002	2230.525327	2453.726345
SMb20618	1281.758371	1353.968006	1503.699076
SMb20619	1085.705356	1213.092722	1190.087923
SMb20620	108.735286	154.7888921	140.9717884
SMb20621	34.597591	30.43601811	31.66757565
SMb20622	26.36006933	51.30643052	65.37822069
SMb20623	59.310156	46.08882742	72.52896358
SMb20624	65.90017334	42.61042535	83.76584526
SMb20625	54.367643	79.13364708	80.70124116
SMb20626	759.4994977	826.1204915	947.9842
SMb20627	1176.318094	1000.910195	991.910192
SMb20628	944.019983	932.2117546	728.3542399
SMb20629	102.1452687	80.0032476	69.46435948
SMb20630	100.4977643	89.56885329	125.6487679
SMb20631	138.390364	132.1792786	203.285405
SMb20632	24.712565	24.34881449	30.64604095
SMb20633	115.3253033	100.0040595	92.95965754
SMb20634	148.27539	126.092075	138.928719
SMb21706	214.1755633	218.2697299	266.6205562
SMb20636	0	0	1.021534698
SMb21630	4604.774612	2959.250561	3973.769976
SMb21631	2479.494022	1579.19454	2149.309005
SMb21632	108.735286	130.4400776	153.2302047
SMb21633	172.987955	200.008119	233.9314459
SMb21634	322.9108493	282.6201681	302.3742707
SMb21635	276.780728	259.1409542	333.0203116
SMb21636	146.6278857	126.9616755	144.0363925
SMb21637	126.8578337	84.35125018	92.95965754
SMb21638	306.435806	248.705748	272.7497644
SMb21639	339.3858927	281.7505676	270.706695
SMb21640	3303.246188	2555.755921	2557.922884
SMb21641	245.4781457	238.2705418	258.4482787
SMb21642	34.597591	27.82721656	31.66757565
SMb21643	446.4736744	449.5834675	677.2775049
SMb21644	357.5084404	287.8377712	534.2626472
SMb21645	187.815494	155.6584926	214.5222866
SMb21646	161.4554247	139.1360828	220.6514948
SMb21647	757.8519934	610.4595632	1055.245343
SMb21648	1314.708458	1112.219062	1687.575322
SMb21649	168.045442	168.7025004	175.7039681
SMb21650	224.0605893	260.0105547	260.4913481
SMb21651	517.3163607	440.8874623	476.0351694
