GeneName	WT_rep1	WT_rep2	WT_rep3	
dnaA	2168	2012	1710	
dnaN	3582	2362	1985	
yaaA	118	232	151	
recF	1879	3521	2788	
yaaB	147	341	245	
gyrB	5733	9285	7231	
gyrA	15077	23087	19078	
rrnO-16S	0	0	
trnO-Ile	0	0	
trnO-Ala	0	0	
rrnO-23S	0	0	
rrnO-5S	0	0	0	
yaaC	10	18	21	
guaB	42010	29805	24306	
dacA	1745	3401	2675	
yaaD	9078	9747	9754	
yaaE	7347	6963	7977	
serS	5690	7720	7196	
trnSL-Ser1	19	21	
dck	858	1200	969	
dgk	641	1082	894	
yaaH	112	159	330	
yaaI	618	827	1757	
tadA	77	121	110	
scr	19200	14477	2091	
dnaX	1270	1767	1961	
yaaK	313	456	664	
recR	319	332	450	
yaaL	180	193	246	
bofA	11	7	14	
rrnA-16S	0	0	
trnA-Ile	0	0	
trnA-Ala	0	0	
rrnA-23S	1	1	
rrnA-5S	0	0	0	
csfB	6	2	8	
xpaC	1842	2800	2478	
yaaN	4105	4848	4055	
yaaO	1523	2356	1601	
tmk	532	775	652	
yaaQ	1473	1748	1765	
yaaR	3733	3741	3344	
holB	2935	4014	3693	
yaaT	2234	3658	4791	
yabA	1320	2065	1899	
yabB	129	260	213	
yazA	70	138	162	
yabC	400	762	637	
abrB	11419	16135	16734	
metS	31211	31563	24684	
yabD	255	196	317	
yabE	382	986	857	
rnmV	78	173	149	
ksgA	211	395	308	
yabG	8	25	29	
veg	1521	3473	1804	
sspF	3	24	30	
ipk	231	259	322	
purR	1398	1354	1390	
yabJ	3305	3644	3102	
spoVG	212031	139635	121786	
glmU	2949	3604	3666	
prs	5430	6889	6702	
ctc	34701	52986	60455	
pth	1676	2484	3475	
yabK	580	814	1041	
mfd	6862	6362	8501	
spoVT	1149	1142	1436	
yabM	83	138	186	
yabN	1858	3005	2759	
yabO	976	1666	1255	
yabP	724	1086	896	
yabQ	627	965	1188	
divIC	2002	3601	2891	
yabR	1272	2682	1995	
trnSL-Met1	4	4	
trnSL-Glu1	12	14	
spoIIE	136	189	392	
yabS	53	119	155	
yabT	37	51	131	
tilS	961	1297	1671	
hprT	2622	3036	4069	
ftsH	32162	29368	25736	
coaX	198	488	415	
hslO	761	1247	1302	
yacD	1459	2409	2281	
cysK	30090	25157	24886	
pabB	830	891	981	
pabA	272	338	309	
pabC	549	760	890	
sul	1190	1498	1602	
folB	860	660	840	
folK	1805	1418	1641	
yazB	479	534	529	
dusB	3783	3821	4063	
lysS	4316	3899	3820	
rrnJ-16S	0	0	
rrnJ-23S	0	0	
rrnJ-5S	0	0	0	
trnJ-Val	0	0	
trnJ-Thr	0	0	
trnJ-Lys	5	22	
trnJ-Leu1	15	23	
trnJ-Gly	4	5	
trnJ-Leu2	0	0	
trnJ-Arg	0	0	
trnJ-Pro	0	0	
trnJ-Ala	1	0	
rrnW-16S	0	0	
rrnW-23S	2	0	
rrnW-5S	0	0	0	
ctsR	519	650	1141	
mcsA	1021	1418	2197	
mcsB	1169	1276	1925	
clpC	29372	19512	23257	
radA	1026	935	1329	
yacK	638	398	714	
yacL	913	912	1682	
ispD	303	301	595	
ispF	42	43	71	
gltX	11151	7350	7690	
cysE	236	224	276	
cysS	2385	2169	2439	
mrnC	329	270	374	
rlmB	603	688	713	
yacP	129	125	200	
sigH	3060	2780	2213	
rpmG	3957	5513	5006	
secE	1108	1106	1073	
nusG	563	834	958	
rplK	14050	29539	18180	
rplA	15895	28423	17351	
rplJ	7537	23494	8815	
rplL	11002	31352	12932	
ybxB	410	620	402	
rpoB	43704	43879	37292	
rpoC	53207	53796	40283	
ybxF	1249	2460	649	
rpsL	7863	11596	9516	
rpsG	20327	27126	20873	
fusA	81470	139457	95644	
tufA	323077	416060	276022	
ybaC	161	161	173	
rpsJ	2828	3467	3147	
rplC	7135	8573	6406	
rplD	5094	6730	4653	
rplW	3348	4505	2845	
rplB	12244	20158	11776	
rpsS	1566	2343	1871	
rplV	2256	3700	2912	
rpsC	3318	7125	3784	
rplP	2254	4670	3483	
rpmC	2140	5326	2825	
rpsQ	3563	9191	4285	
rplN	4242	10967	5560	
rplX	2623	8192	3508	
rplE	6482	19214	8988	
rpsN	2445	8588	4264	
rpsH	7374	21258	11292	
rplF	6200	20745	10324	
rplR	3301	11804	6709	
rpsE	3405	12066	7105	
rpmD	787	2752	1789	
rplO	2176	7991	4513	
secY	8140	24622	15973	
adk	5728	14496	8355	
mapA	2231	9866	6462	
ybzG	1035	4589	2677	
infA	1531	7481	4185	
rpmJ	675	3068	1897	
rpsM	4500	17043	9881	
rpsK	5546	19646	11761	
rpoA	19666	66996	39781	
rplQ	5673	19847	10947	
cbiO	623	970	864	
ybaF	94	134	153	
truA	140	226	171	
rplM	8313	13357	6457	
rpsI	11063	14653	8086	
ybaJ	4380	4929	3896	
ybaK	251	225	360	
cwlD	357	400	395	
salA	53966	52364	56680	
gerD	6	12	12	
kbaA	544	373	466	
ybaN	1	1	2	
rrnI-16S	0	0	
rrnI-23S	0	0	
rrnI-5S	22	44	20	
trnI-Asn	2	0	
trnI-Thr	264	317	
trnI-Gly	234	309	
trnI-Arg	0	1	
trnI-Pro	0	0	
trnI-Ala	0	0	
rrnH-16S	0	0	
rrnH-23S	1	0	
rrnH-5S	0	0	1	
rrnG-16S	0	0	
rrnG-23S	0	0	
rrnG-5S	0	0	0	
ybaR	331	553	516	
ybaS	503	880	663	
ybbA	1556	1035	997	
feuC	2169	1403	1549	
feuB	4517	3447	3008	
feuA	20631	16421	14292	
ybbB	2822	5962	4245	
ybbC	1002	572	648	
ybbD	2000	1149	1375	
ybbE	1213	750	816	
ybbF	1120	702	659	
ybbH	1049	746	621	
murQ	1674	1778	1302	
ybbJ	169	182	145	
ybbK	589	639	492	
trnSL-Glu2	1	0	
trnSL-Val1	0	0	
trnSL-Thr1	0	0	
trnSL-Tyr1	0	0	
trnSL-Gln2	1	0	
sigW	1683	1988	2071	
rsiW	3334	3507	2441	
ybbP	1419	1538	1192	
ybbR	5007	4350	4011	
glmM	6809	5819	5090	
glmS	110471	45715	65217	
alkA	220	311	217	
adaA	95	106	77	
adaB	98	91	66	
ndhF	34	55	30	
ybcC	172	170	145	
ybcF	29	36	42	
ybcH	22	25	33	
ybcI	90	113	124	
ybzH	103	206	149	
ybcL	72	77	71	
ybcM	3	1	2	
skfA	119	147	119	
skfB	76	53	70	
skfC	301	275	280	
skfE	361	229	236	
skfF	180	116	130	
skfG	31	18	17	
skfH	96	44	51	
ybdG	46	23	34	
ybdJ	29	35	34	
ybdK	35	51	72	
ybzI	329	653	413	
ybdM	86	195	141	
ybdN	2637	1694	1279	
ybdO	358	573	400	
ybxG	919	821	792	
csgA	6	5	14	
ybxH	2	1	6	
ybxI	897	440	399	
cypC	256	272	727	
ybyB	12264	17682	25141	
ybeC	17367	16734	14822	
glpQ	796	872	667	
glpT	335	518	362	
ybeF	2	8	9	
ybfA	18	39	38	
ybfB	72	89	99	
ybfE	173	142	148	
ybfF	806	869	732	
ybfG	3271	3528	2740	
ybfH	399	424	382	
ybfI	180	247	263	
purT	2816	2925	4371	
mpr	1350	1901	1562	
ybfJ	467	505	414	
ybfK	235	535	549	
pssA	536	1016	745	
ybfM	1113	1680	1222	
psd	797	1269	670	
ybfN	33	71	45	
ybfO	1945	1581	1749	
ybfP	215	199	178	
ybfQ	3177	4277	3229	
gltP	1266	735	789	
nagP	7079	12840	11448	
nagBB	2415	5216	4992	
ybgA	49	41	41	
ybgB	69	36	48	
ybgE	21	50	68	
ybgF	201	369	263	
mmuM	150	324	221	
glnT	47	48	52	
ybgJ	17	11	14	
glnJ	180	150	145	
glnL	335	340	278	
ycbC	29	27	19	
ycbD	36	26	66	
gudP	26	33	36	
gudD	29	28	50	
ycbG	72	86	87	
garD	116	95	100	
ycbJ	443	688	473	
rtpA	2	1	5	
ycbK	10	23	17	
ycbL	78	113	114	
ycbM	222	226	211	
ycbN	403	499	386	
ycbO	550	613	531	
ycbP	1076	1389	3489	
cwlJ	12	17	17	
ycbR	124	114	116	
yczK	1	0	2	
phoD	99	82	99	
tatAD	7	7	10	
tatCD	17	22	18	
pcp	727	563	506	
ycbU	651	719	669	
lmrB	111	102	82	
lmrA	96	158	102	
ansZ	66	72	76	
estA	112	210	199	
yczC	17	26	25	
yccF	318	462	425	
natK	394	639	517	
natR	435	603	482	
natA	438	413	541	
natB	2669	2665	2333	
yccK	1462	1098	1138	
ycdA	675	828	519	
ycdB	405	249	335	
ycdC	278	355	300	
cwlK	34	73	53	
rapJ	3291	3072	2617	
ycdF	64	108	313	
ycdG	237	231	561	
adcA	175	271	208	
adcC	68	87	67	
adcB	55	65	50	
yceB	46	49	52	
yceC	589	518	1251	
yceD	2540	1629	2497	
yceE	4733	3938	5404	
yceF	7248	7762	10144	
yceG	998	1197	1361	
yceH	650	716	864	
yceI	361	420	385	
yceJ	8	8	5	
yceK	47	76	84	
opuAA	975	1205	983	
opuAB	2576	2175	2269	
opuAC	2865	3004	3088	
amhX	1489	2742	2659	
ycgA	625	700	610	
ycgB	128	141	240	
amyE	11090	7087	8079	
ldh	9342	105396	83499	
lctP	3465	80578	72338	
mdr	399	551	335	
ycgE	151	248	181	
ycgF	73	108	110	
ycgG	32	79	54	
ycgH	21	30	22	
ycgI	1	0	2	
nadE	11034	11549	14874	
tmrB	397	334	264	
aroK	587	961	922	
ycgJ	99	87	73	
ycgK	60	88	64	
cah	413	396	297	
ycgL	216	297	247	
ycgM	1503	471	664	
ycgN	2735	941	1390	
ycgO	369	314	393	
ycgP	3755	2892	2724	
ycgQ	492	729	586	
ycgR	139	193	125	
ycgS	53	106	65	
ycgT	160	205	199	
nasF	1337	6389	2528	
nasE	855	5541	2634	
nasD	1573	17626	7265	
nasC	21	19	21	
nasB	12	31	18	
nasA	94	127	101	
yciA	3	8	11	
yciB	25	8	6	
yczL	4	3	0	
yciC	11	8	9	
yckA	500	475	403	
yckB	340	401	330	
yckC	72	125	95	
yckD	2	0	2	
bglC	374	352	347	
nin	516	980	844	
nucA	664	1196	800	
tlpC	2116	5009	2787	
hxlB	580	592	472	
hxlA	729	769	601	
hxlR	9	10	14	
srfAA	155697	117971	86798	
srfAB	165770	237513	158705	
comS	0	0	0	
srfAC	110394	181066	119560	
srfAD	14105	24099	14420	
ycxA	554	1188	855	
ycxB	101	302	238	
ycxC	40	57	43	
ycxD	137	177	102	
sfp	335	439	328	
yczE	143	223	166	
tcyC	998	1501	1140	
tcyB	839	1422	972	
tcyA	2944	4327	3781	
yclA	101	153	192	
yclB	34	36	38	
ubiD	152	174	147	
bsdD	61	49	39	
yclD	61	54	64	
yclE	605	476	525	
dtpT	1312	1021	684	
yclG	20	31	23	
yczF	1	4	0	
gerKA	4	8	10	
gerKC	7	5	13	
gerKB	17	34	32	
yclH	16	23	19	
yclI	25	24	23	
yclJ	101	291	260	
yclK	338	527	466	
rapC	5332	4205	3878	
phrC	3569	2152	2608	
yczN	451	481	291	
yclM	2234	2835	1917	
yclN	2876	7072	4057	
yclO	1535	3863	2786	
yclP	2589	5573	2966	
yclQ	9295	11788	6814	
ycnB	77	110	63	
ycnC	35	81	71	
ycnD	2157	2285	1760	
ycnE	1354	1354	1076	
yczG	856	842	1043	
gabR	131	125	129	
gabT	90	80	108	
gabD	7207	4949	4278	
glcU	2	2	1	
gdh	12	10	11	
ycnI	121	717	371	
ycnJ	248	1138	695	
ycnK	81	257	148	
ycnL	12	40	31	
mtlA	1566	8800	6363	
mtlF	870	3124	1927	
mtlD	2220	7374	3099	
ycsA	641	370	575	
sipU	312	342	322	
yczH	75	117	84	
ycsD	137	183	144	
yczO	39	84	156	
ycsE	2675	3710	2940	
ycsF	708	1924	1762	
ycsG	1258	1920	1634	
ycsI	647	938	875	
kipI	707	1066	1047	
kipA	703	958	965	
kipR	503	635	844	
lipC	218	240	294	
yczI	174	394	221	
yczJ	901	1216	956	
pbpC	7000	9213	7755	
ycsN	19366	19507	14989	
mtlR	3495	5667	4654	
ydaB	899	1197	985	
ydaC	126	233	364	
ydaD	396	894	2600	
ydaE	180	312	819	
ydaF	120	112	132	
ydaG	5590	8529	13007	
ydaH	129	85	82	
ydzA	680	1328	895	
lrpC	153	357	220	
topB	4396	6278	4496	
ydaJ	217	256	468	
ydaK	51	59	98	
ydaL	58	74	113	
ydaM	50	59	77	
ydaN	176	194	216	
ydaO	6205	8312	5185	
mutT	25	45	72	
ydaP	3652	6285	13633	
ydzK	166	318	215	
mntH	1123	2157	1261	
ydaS	219	295	984	
ydaT	154	252	792	
ydbA	274	461	325	
gsiB	1279	1616	4316	
ydbB	175	213	140	
ydbC	271	250	203	
ydbD	952	1340	2895	
dctB	365	557	432	
dctS	102	119	97	
dctR	39	25	30	
dctP	34283	15364	18064	
ydbI	1450	2074	1960	
ydbJ	204	278	343	
ydbK	247	258	305	
ydbL	363	992	673	
ydbM	295	452	383	
ydbN	478	2836	2696	
ydbO	162	270	188	
ydbP	4592	4954	4499	
ddl	6936	8033	5971	
murF	4200	4801	4545	
cshA	4197	10606	7817	
ydbS	1072	1363	1180	
ydbT	7371	9039	7325	
ydcA	181	271	169	
acpS	59	64	78	
ydcC	204	201	140	
alrA	552	952	977	
endB	370	701	562	
ndoA	1468	2695	2019	
rsbRA	331	506	509	
rsbS	54	53	103	
rsbT	81	109	159	
rsbU	743	784	1108	
rsbV	2824	5222	11433	
rsbW	2729	5869	8487	
sigB	8343	15864	25138	
rsbX	5252	9412	14061	
ydcF	4	2	5	
ydcG	32	36	25	
ydcH	16	32	36	
ydcI	6273	6228	5306	
ydcK	66	88	83	
trnS-Asn	0	5	
trnS-Ser	0	0	
trnS-Glu	65	183	
trnS-Gln	2	3	
trnS-Lys	23	53	
trnS-Leu1	1	5	
trnS-Leu2	8	28	
ydcL	2839	3677	2857	
immA	408	685	372	
immR	473	821	514	
sacV	7	1	2	
ydzL	29	14	14	
ydcO	6	2	7	
ydcP	19	11	31	
ydcQ	7	5	3	
ydcR	16	6	9	
ydcS	7	2	4	
ydcT	3	1	2	
yddA	6	2	6	
yddB	11	3	14	
yddC	6	1	1	
yddD	3	5	6	
yddE	19	8	14	
yddF	5	2	0	
yddG	6	6	2	
yddH	1	1	1	
yddI	0	1	1	
yddJ	27	85	97	
yddK	7859	12113	8875	
rapI	195	254	366	
phrI	241	200	330	
yddM	1019	567	677	
yddN	146	182	155	
lrpA	189	286	210	
lrpB	78	121	118	
yddQ	208	328	257	
yddR	141	166	115	
yddS	33	28	35	
ydzM	4	3	1	
yddT	21	6	25	
ydzN	94	140	145	
ydeA	340	531	472	
cspC	1112	2703	2269	
ydeB	1076	1363	1210	
ydzE	70	48	39	
ydeC	146	150	133	
ydeD	30	40	43	
ydeE	218	221	216	
ydeF	149	232	194	
ydeG	18	36	31	
ydeH	60	125	75	
ydeI	138	173	145	
ydeJ	614	753	485	
ydeK	73	98	88	
ydeL	203	232	218	
ydeM	321	504	433	
ydeN	424	546	378	
ydzF	383	342	272	
ydeO	801	1146	868	
ydeP	24	72	68	
ydeQ	9	12	18	
ydeR	9	14	4	
ydeS	345	382	306	
ydzO	126	119	123	
aseR	3	7	11	
ydfA	110	214	205	
ydzS	27	79	104	
ydfB	449	478	471	
ydfC	12	7	3	
ydfD	54	33	43	
ydfE	244	442	323	
ydfF	320	434	416	
ydfG	3304	2827	2229	
ydzP	4	2	6	
ydzQ	4	5	5	
ydfH	52	91	101	
ydfI	76	102	80	
ydfJ	18	22	21	
nap	1590	2702	1746	
ydfK	19	24	23	
ydfL	51	148	159	
ydfM	121	246	201	
ydfN	6	10	6	
ydfO	16	8	28	
ydfP	4	22	22	
ydfQ	0	4	6	
ydzH	15	23	12	
ydzR	58	65	48	
ydfR	2	3	3	
ydfS	16	8	13	
cotP	0	2	1	
ydgA	0	0	0	
ydgB	0	0	2	
ydgC	380	456	372	
ydgD	171	258	235	
ydgE	340	385	329	
vmlR	259	354	419	
ydgF	1279	1964	1390	
dinB	475	386	404	
ydgG	19	15	17	
ydgH	611	540	550	
ydgI	281	356	277	
ydgJ	166	206	187	
ydgK	145	276	153	
ydhB	30	50	58	
ydhC	320	728	476	
ydhD	5	10	7	
ydhE	1316	2204	1535	
ydhF	13	13	13	
phoB	35	30	23	
ydhG	193	276	285	
ydhH	585	596	448	
ydhI	450	511	376	
ydhJ	312	309	271	
ydhK	553	537	888	
pbuE	745	2380	1249	
gmuB	27	11	24	
gmuA	51	17	41	
gmuC	222	125	162	
gmuD	602	342	399	
gmuR	452	359	334	
gmuE	219	178	226	
gmuF	216	150	208	
gmuG	693	498	494	
ydhU	1	6	3	
trnE-Arg	6	14	
trnE-Gly	0	0	
rrnE-16S	0	0	
rrnE-23S	0	0	
rrnE-5S	0	0	0	
trnE-Met	0	0	
trnE-Asp	0	2	
thiL	430	447	656	
ydiB	321	267	382	
ydiC	440	407	535	
rimI	311	384	535	
gcp	715	939	1386	
ydiF	4941	4594	3710	
moaC	799	1053	1013	
ydiH	7382	5496	6361	
tatAY	4448	4070	4169	
tatCY	9311	8395	7862	
ydiK	63	208	124	
ydiL	1205	3022	1947	
groES	74569	63755	85312	
groEL	189895	156373	226412	
ydzT	36	33	36	
ydiM	18	20	50	
ydzU	1	3	8	
ydzV	7	2	17	
ydiO	1093	1238	1188	
ydiP	879	1038	1210	
ydzW	119	201	178	
ydiR	2351	2760	2839	
ydiS	3005	3290	3882	
ydjA	4483	4681	6005	
ydjB	29	41	38	
ydjC	31	34	24	
gutR	2044	2265	2003	
gutB	172	159	161	
gutP	28	14	27	
ydjE	6365	6071	7776	
pspA	595	555	697	
ydjG	625	721	795	
ydjH	135	139	164	
ydjI	303	345	419	
ydjJ	38	97	205	
iolT	352	299	332	
bdhA	151509	127100	108262	
ydjM	102	222	177	
ydjN	75	46	71	
ydzJ	15	15	20	
ydjO	1293	2002	1550	
ydjP	782	1045	824	
yeaA	1590	2331	1806	
cotA	40	36	47	
gabP	7724	5745	5884	
ydzX	0	0	0	
yeaB	635	600	540	
yeaC	298	505	406	
yeaD	237	258	218	
yebA	1662	1745	1660	
guaA	13023	16743	11705	
pbuG	1248	1043	849	
yebC	990	455	403	
yebD	49	169	124	
yebE	406	616	1254	
yebG	124	229	448	
purE	125	121	144	
purK	530	389	377	
purB	1193	837	1031	
purC	357	246	327	
purS	86	50	79	
purQ	198	130	177	
purL	479	434	546	
purF	626	649	588	
purM	331	377	288	
purN	189	226	148	
purH	574	881	500	
purD	679	1024	733	
yezC	334	555	334	
yecA	11	15	20	
yezF	2	2	1	
yerA	12137	26757	22425	
yerB	9788	17616	13167	
yerC	2231	4145	2824	
yerD	1280	1709	4081	
pcrB	9	23	22	
pcrA	925	988	1089	
ligA	1509	1912	2244	
yerH	2345	2710	2579	
yerI	4712	5093	4328	
sapB	269	292	359	
opuE	550	1256	2017	
gatC	2315	2437	2623	
gatA	13862	15271	12561	
gatB	17025	21122	15472	
yerO	98	128	106	
swrC	10594	13417	11748	
yerQ	540	1077	695	
yefA	201	242	177	
yefB	11	35	40	
yefC	14	13	16	
yeeA	366	341	370	
yeeB	1525	995	1177	
yeeC	1245	1138	1230	
yeeD	38	17	26	
yezA	61	36	44	
yezG	770	614	705	
yeeF	571	522	581	
yeeG	1	4	3	
rapH	864	563	703	
phrH	51	40	47	
yeeI	624	473	617	
yeeK	50	44	54	
yezE	129	213	207	
yesE	5	7	14	
yesF	124	123	89	
cotJA	4	5	2	
cotJB	1	0	4	
cotJC	4	7	8	
yesJ	318	320	388	
yesK	37	20	22	
yesL	713	608	492	
yesM	796	545	586	
yesN	88	64	83	
yesO	63	39	55	
yesP	30	19	23	
yesQ	20	10	10	
yesR	16	6	18	
yesS	64	36	47	
rhgT	24	10	27	
yesU	28	18	37	
yesV	28	20	46	
yesW	22	26	30	
yesX	21	13	24	
yesY	42	26	28	
yesZ	67	49	50	
yetA	13	19	11	
lplA	75	36	58	
lplB	16	10	16	
lplC	10	11	12	
lplD	14	12	12	
yetF	18	14	23	
yetG	3527	4111	3625	
yetH	291	312	375	
yetI	1244	1364	1013	
yezD	2	2	5	
yetJ	308	944	519	
yetK	160	311	237	
yetL	23	49	28	
yetM	4	4	9	
yetN	59	130	65	
yetO	89	177	353	
ltaSA	16114	12153	8898	
yfnH	33	16	26	
yfnG	60	59	73	
yfnF	79	95	94	
yfnE	171	138	129	
yfnD	130	138	141	
yfnC	1386	1538	1156	
yfnB	583	801	518	
yfnA	496	1426	822	
yfmT	12679	21774	14815	
yfmS	11092	17409	12420	
yfmR	2673	2862	3086	
yfmQ	988	2828	2214	
yfmP	47	71	45	
yfmO	271	313	221	
yfmN	19	12	13	
yfmM	1525	1984	1534	
yfmL	120	285	293	
yfmK	104	95	147	
yfmJ	4546	3403	2905	
yfmI	251	280	259	
yfmG	1425	1175	1438	
yfmF	777	943	749	
yfmE	412	511	491	
yfmD	297	411	401	
yfmC	8730	17892	9623	
yfmB	114	211	179	
yfmA	0	4	3	
yflT	2486	3087	7901	
pel	8707	6684	6067	
yflS	589	676	882	
citS	322	555	628	
citT	94	105	178	
yflP	144	171	217	
citM	861	368	535	
yflN	725	371	483	
nosA	161	188	226	
yflL	84	124	123	
yflK	498	458	553	
yflJ	31	76	43	
yflI	51	101	101	
yflH	994	1069	982	
yflG	1076	1936	1094	
yflE	13880	14497	12143	
yflD	6	14	18	
yflB	91	232	247	
yflA	526	608	1576	
yfkT	5	17	22	
yfkS	6	5	6	
yfkR	3	8	1	
yfkQ	4	7	4	
treP	320	2381	1269	
treA	718	4515	3252	
treR	471	2907	1591	
yfkO	2068	2121	1700	
yfkN	1481	930	1197	
yfkM	1530	2064	3474	
yfkL	310	365	327	
yfkK	75	193	122	
yfkJ	946	1232	2295	
yfkI	815	1052	2596	
yfkH	1789	2163	3850	
yfkF	461	549	277	
yfkE	300	544	1014	
yfkD	326	597	778	
yfkC	1083	1747	1109	
yfkA	692	952	564	
yfjT	13	34	32	
pdaA	21	48	33	
yfjR	383	447	394	
yfjQ	295	439	333	
yfjP	725	760	589	
yfjO	2774	2770	2301	
yfzA	179	177	162	
dusC	85	98	87	
yfjM	135	169	173	
yfjL	195	204	261	
acoA	991	7	75	
acoB	868	8	76	
acoC	1011	11	87	
acoL	1069	44	88	
acoR	3095	2709	2891	
sspH	1421	1064	1187	
yfjF	12	18	16	
yfjE	36	32	35	
yfjD	82	61	57	
yfjC	157	83	98	
yfjB	154	116	134	
yfjA	6	6	11	
malA	2573	1401	1519	
malR	622	368	467	
malP	1511	1135	1244	
malQ	522	564	499	
yfiC	2097	2090	2209	
catD	32	57	37	
catE	31	89	69	
yfiF	45	39	38	
yfiG	187	101	151	
yfiH	283	165	274	
yfiI	465	280	377	
yfiJ	210	279	162	
yfiK	390	457	396	
yfiL	1	1	3	
yfiM	2	8	9	
yfiN	20	31	19	
padR	150	379	199	
estB	41	65	80	
yfiQ	32	31	46	
yfiR	514	445	363	
yfiS	310	247	217	
yfiT	2007	2737	1606	
yfiU	23	39	21	
yfiV	204	208	224	
mprF	1548	2077	1678	
yfiY	9230	8982	7243	
yfiZ	507	721	545	
yfhA	604	800	654	
yfhB	2428	2546	2836	
yfhC	11698	14912	13386	
yfhD	97	130	214	
yfhE	36	61	115	
yfhF	433	659	1229	
recX	1536	1844	1468	
yfhH	1361	1334	1028	
yfhI	125	136	135	
sspK	0	1	2	
yfhJ	249	314	185	
yfhK	1171	1416	2942	
yfhL	734	817	1329	
yfhM	1523	1749	2429	
csbB	5014	12639	12418	
yfhO	4118	7656	7327	
yfhP	2109	2277	2670	
yfhQ	391	419	455	
yfhS	0	0	0	
fabL	2645	2677	2577	
sspE	740	775	637	
ygaB	31	35	21	
ygaC	311	436	387	
ygaD	833	753	719	
ygaE	448	958	1055	
gsaB	1348	1770	1526	
ygaF	671	678	557	
perR	5937	6426	4610	
ygzB	640	782	1020	
ygxA	4422	3924	4029	
rrnD-16S	0	0	
rrnD-23S	2	0	
rrnD-5S	2	0	0	
trnD-Asn	1	1	
trnD-Ser	115	180	
trnD-Glu	22	30	
trnD-Val	0	0	
trnD-Met	0	0	
trnD-Asp	0	0	
trnD-Phe	0	0	
trnD-Thr	0	0	
trnD-Tyr	0	0	
trnD-Trp	25	30	
trnD-His	1	9	
trnD-Gln	5	13	
trnD-Gly	6	21	
trnD-Cys	15	18	
trnD-Leu1	0	0	
trnD-Leu2	14	14	
spo0M	11880	14134	12798	
ygzA	0	0	0	
ygzC	8	9	11	
ygaJ	33	29	22	
thiC	172	237	201	
ygaK	26	19	22	
senS	1	1	2	
katA	1219	1641	1107	
ssuB	0	1	0	
ssuA	0	0	4	
ssuC	5	2	2	
ssuD	15	8	19	
ygaN	23	25	31	
ygaO	438	608	466	
ygzD	115	273	199	
trnSL-Gly1	3	8	
yhzB	81	156	95	
yhbA	57	61	53	
yhbB	2	1	1	
cspR	1034	3139	1889	
yhbD	32	52	45	
yhbE	31	30	60	
yhbF	48	37	77	
prkA	30	19	27	
yhbH	13	11	16	
yhbI	44	117	93	
yhbJ	214	415	418	
yhcA	499	894	751	
yhcB	193	471	312	
yhcC	376	747	625	
yhcD	0	0	0	
yhcE	30	55	48	
yhcF	10	7	4	
yhcG	18	26	32	
yhcH	248	228	276	
yhcI	576	455	480	
cspB	4457	29090	19781	
yhcJ	345	589	546	
dgcK	365	805	602	
tcyP	399	421	422	
yhcM	65	97	214	
yhcN	106	147	112	
yhcO	31	33	40	
yhcQ	31	39	31	
yhcR	2764	1747	2263	
yhcS	926	514	820	
yhcT	167	186	137	
yhcU	22	26	46	
yhcV	75	66	79	
yhcW	816	918	1215	
yhcX	5241	3851	5570	
yhzG	9	18	30	
yhxA	9482	5582	5704	
glpP	8059	4360	4265	
glpF	825	3288	2130	
glpK	2876	7451	8707	
glpD	284	1250	938	
pgcA	16868	12287	10453	
yhcY	428	475	486	
yhcZ	427	444	393	
yhdA	513	475	407	
yhdB	4	9	4	
yhdC	16	12	6	
lytF	6000	10722	5502	
nsrR	194	372	343	
ygxB	635	738	1989	
spoVR	11	20	5	
phoA	298	199	160	
lytE	4983	2790	2734	
citR	225	374	272	
citA	273	250	293	
yhdF	807	947	1893	
ctrA	594	1260	873	
yhdH	221	401	331	
yhdI	251	265	212	
yhdJ	510	363	440	
yhdK	246	178	171	
yhdL	2028	1429	1334	
sigM	79	97	65	
yhdN	3659	7261	10273	
plsC	1587	6506	3823	
yhdP	5493	5805	3718	
cueR	1239	1253	1134	
yhdR	1382	1417	1239	
yhdT	8513	7991	7713	
crcBA	115	179	115	
yhdV	106	163	97	
yhdW	274	522	388	
yhdX	2	7	7	
yhdY	489	693	688	
yhdZ	436	514	409	
yheN	803	1206	799	
dat	4001	2570	2647	
nhaC	27	87	78	
nhaX	3410	4235	7006	
yheJ	57	99	79	
yheI	71	52	63	
yheH	540	590	543	
yheG	312	451	484	
yheF	0	0	1	
sspB	16	16	7	
yheE	117	95	140	
yheD	41	27	20	
yheC	15	17	7	
yheB	830	1324	1209	
yheA	10057	13497	12241	
yhaZ	348	470	384	
yhaX	109	162	183	
hemZ	471	515	439	
yhaU	409	468	414	
khtT	292	287	227	
khtS	255	245	242	
yhaR	3235	1315	1987	
yhzD	70	50	62	
yhaO	134	151	144	
yhaN	1191	1022	1307	
yhaM	2895	2880	2726	
yhaL	358	440	459	
prsA	16221	14879	11433	
yhzE	33	51	40	
yhaJ	46	115	152	
yhaI	1326	1919	1424	
hpr	3955	6205	5485	
yhaH	1984	1599	1702	
yhzF	1	0	0	
trpP	8272	8490	6163	
serC	10791	11945	9316	
hinT	6969	8089	5958	
ecsA	486	636	578	
ecsB	3154	2467	2078	
ecsC	2716	2201	2123	
yhaA	2737	3592	2260	
yhfA	35	45	46	
yhgB	49	53	67	
yhgC	7409	5936	5621	
pbpF	165	181	219	
hemE	995	2457	1967	
hemH	1755	2964	2578	
hemY	2746	5143	2962	
yhgD	1077	960	1415	
yhgE	4581	3197	5647	
fabHB	825	2531	1475	
yhfC	301	218	209	
yhfE	680	419	820	
yhfF	118	77	203	
gltT	13555	18071	10845	
yhfH	182	27	81	
yhfI	800	827	1300	
yhfJ	2760	1800	3204	
yhfK	3897	2702	3411	
yhfL	153	112	223	
yhfM	48	85	115	
yhfN	142	118	144	
aprE	2354	2425	1768	
yhfO	245	424	441	
yhfP	2749	3150	2990	
yhfQ	4588	13959	8700	
phoE	271	279	324	
yhfS	336	290	275	
yhfT	801	645	617	
bioY	3	10	8	
hemAT	9956	22198	11129	
yhfW	2	17	17	
yhxC	13	13	8	
yhzC	1547	2364	2021	
comK	797	628	567	
yhxD	289	494	1077	
yhjA	3427	2347	4184	
yhjB	481	668	554	
yhjC	102	184	180	
yhjD	5	8	5	
yhjE	300	306	221	
sipV	303	213	293	
yhjG	71	64	118	
yhjH	43	52	42	
glcP	122	111	123	
ntdC	240	146	206	
ntdB	102	69	84	
ntdA	25	29	26	
yhjM	949	837	701	
yhjN	978	424	423	
yhjO	7	3	3	
yhjP	437	472	414	
yhjQ	5	4	11	
yhjR	0	1	1	
addB	2665	3483	3329	
addA	5476	5407	6073	
sbcD	1154	1023	985	
sbcC	4051	3432	3623	
yisB	534	416	522	
gerPF	2	6	2	
gerPE	6	11	8	
gerPD	0	1	0	
gerPC	14	15	16	
gerPB	1	2	0	
gerPA	4	1	2	
yisI	16	7	13	
yisJ	0	0	0	
yisK	1937	915	1718	
yisL	1510	1693	1269	
wprA	57722	65479	51167	
yisN	0	2	1	
asnO	1	2	3	
yizA	294	167	225	
yisP	370	550	645	
yisQ	7	15	14	
yisR	413	444	434	
degA	657	845	779	
yisS	63	24	34	
yisT	561	402	527	
yisU	6	5	7	
yisV	99	113	114	
yisX	335	441	373	
yisY	79	56	90	
yisZ	12	9	16	
sat	812	845	942	
yitB	0	0	1	
yitC	3	5	9	
yitD	2	7	5	
yitE	1	2	3	
yitF	154	154	185	
yitG	218	239	216	
yitH	1812	1741	1201	
yitI	532	751	430	
yitJ	828	716	543	
yitK	1048	1363	921	
yitL	456	417	364	
yitM	29	26	29	
yitO	4	4	6	
yitP	0	0	0	
yizB	21	39	43	
yitQ	55	60	82	
yitR	215	146	144	
nprB	27	22	39	
yitS	1008	1010	911	
yitT	2659	2618	4401	
ipi	2495	2184	3360	
yizC	1161	820	714	
yitU	1324	1745	1481	
yitV	165	141	171	
yitW	2312	1995	2354	
yitY	1051	1283	1213	
yitZ	469	535	502	
argC	17	18	17	
argJ	12	10	15	
argB	4	7	13	
argD	3	10	7	
carA	0	11	4	
carB	22182	37335	34480	
argF	13	20	26	
yjzC	1	1	3	
yjzD	242	615	425	
yjaU	128	107	100	
yjaV	2	2	6	
med	2166	4412	2922	
comZ	484	918	532	
yjzB	7	14	10	
fabHA	1982	4235	3622	
fabF	6261	9333	6647	
yjaZ	20	22	26	
appD	1176	1051	1196	
appF	2105	1335	1622	
appA	6528	4277	5389	
appB	542	498	590	
appC	508	429	426	
yjbA	58	29	59	
trpS	5417	6709	3839	
oppA	75300	70147	60555	
oppB	2382	2531	2237	
oppC	1196	1264	1615	
oppD	2672	2991	3817	
oppF	2365	3334	3569	
yjbB	120	105	113	
yjbC	16066	23027	30025	
spxA	19254	30044	30451	
yjbE	8	24	8	
mecA	17122	17230	20467	
coiA	66	50	53	
pepF	9695	6048	7158	
yizD	0	0	0	
yjbH	3313	3942	2621	
yjbI	453	615	544	
yjbJ	1985	8545	4323	
yjbK	652	1671	994	
yjbL	48	92	112	
yjbM	228	224	307	
ppnK	9214	4308	5443	
yjbO	1508	1415	1574	
yjbP	188	178	181	
yjbQ	55	65	64	
tenA	9	14	11	
tenI	26	20	15	
thiO	39	63	67	
thiS	15	19	23	
thiG	102	115	63	
thiF	58	70	58	
yjbV	63	101	87	
fabI	13810	26325	15825	
cotO	122	114	83	
cotZ	50	59	50	
cotY	56	46	43	
cotX	632	751	501	
cotW	409	513	385	
cotV	207	277	187	
yjcA	0	2	5	
yjzK	0	1	6	
yjcZ	26	22	17	
spoVIF	189	190	285	
yjcD	143	247	153	
yjzE	1167	1774	3097	
yjcF	661	590	708	
yjcG	2582	2520	2736	
yjcH	2091	2620	2569	
yjcI	1218	1006	916	
yjcJ	1854	1469	1205	
yjcK	243	204	248	
yjcL	154	113	140	
trnSL-Val2	61	54	
yjcM	12326	16401	11228	
yjcN	1060	2802	1893	
yjzF	2	2	4	
yjzG	2	3	5	
yjcO	9	13	15	
yjcP	2195	7199	5621	
yjcQ	578	1673	1089	
yjcR	1	2	1	
yjcS	87	91	125	
yjdA	455	391	496	
yjdB	1741	1612	1210	
manR	1219	1287	1158	
manP	102	75	153	
manA	94	83	152	
yjdF	2352	3473	3044	
yjdG	114	343	228	
yjdH	10	17	27	
yjdI	865	736	670	
yjzH	62	71	82	
yjdJ	22	45	28	
ctaO	9	54	44	
cotT	13	29	22	
yjeA	1413	3266	2588	
yjfA	133	265	195	
yjfB	1241	1713	1141	
yjfC	2	0	2	
yjgA	19	65	47	
yjgB	4	8	23	
yjgC	135	191	599	
yjgD	12	3	21	
yjhA	98	76	102	
yjhB	19	17	27	
yjiA	11	23	9	
yjiB	278	204	277	
yjiC	432	401	384	
yjzI	10	50	39	
hemD	1204	1248	1422	
yjkA	232	324	232	
yjkB	65	156	105	
yjlA	358	482	311	
yjlB	253	380	871	
rex	7159	15239	9480	
ndh	20105	37273	25898	
uxaC	328	210	243	
exuM	32	16	18	
yjmC	15	4	19	
yjmD	16	10	21	
uxuA	23	12	10	
yjmF	5	0	2	
exuT	9	9	14	
exuR	508	886	637	
uxaB	16	20	20	
uxaA	69	70	97	
yjnA	43	64	53	
yjoA	18498	14026	11088	
yjoB	1102	1736	1487	
rapA	4751	2895	5253	
phrA	82	42	96	
yjpA	17	22	26	
xlyB	341	359	410	
yjqA	525	708	656	
yjqB	17	20	27	
yjqC	43	49	51	
xkdA	36	92	92	
xre	414	556	386	
yjzJ	13	9	11	
xkdB	55	51	52	
xkdC	57	48	55	
ykzK	8	5	13	
xkdD	43	47	52	
xtrA	15	11	20	
xpf	26	32	29	
xtmA	395	547	432	
xtmB	957	1114	874	
xkdE	1477	1696	1504	
xkdF	745	923	1013	
xkdG	1653	1737	1712	
ykzL	430	391	469	
xkdH	322	334	350	
xkdI	446	475	470	
xkdJ	410	427	521	
ykzM	161	174	177	
xkdK	2263	2443	2163	
xkdM	1211	1381	1178	
xkdN	719	826	896	
xkzB	70	114	63	
xkdO	2201	2789	2424	
xkdP	465	615	618	
xkdQ	561	813	680	
xkdR	221	234	245	
xkdS	216	212	330	
xkdT	280	386	401	
xkdU	235	352	266	
xkzA	133	202	173	
xkdV	1798	2031	2165	
xkdW	374	409	532	
xkdX	81	95	80	
xepA	767	860	842	
xhlA	255	350	258	
xhlB	421	479	431	
xlyA	1335	1555	1266	
spoIISB	108	200	191	
spoIISA	263	300	351	
pit	1950	2826	1839	
ykaA	1547	2587	2000	
ykbA	259	336	278	
mhqA	483	378	349	
ykcB	38	65	84	
ykcC	54	67	62	
htrA	5174	2804	2517	
proG	148	223	172	
dppA	621	804	895	
dppB	306	305	338	
dppC	69	85	97	
dppD	69	124	175	
dppE	900	789	1315	
ykfA	36	25	72	
ykfB	73	48	97	
ykfC	72	46	100	
ykfD	130	73	153	
ykgB	12775	11594	10732	
ykgA	2922	3480	6007	
ykhA	526	858	854	
hmp	2259	4689	2073	
ykzH	0	0	0	
ykjA	10	66	22	
ykkA	41	51	45	
ykkB	55	32	55	
ykkC	7	8	15	
ykkD	6	4	4	
purU	322	589	580	
proB	292	398	468	
proA	1269	1856	1453	
ohrA	93	107	174	
ohrR	410	572	677	
ohrB	223	361	809	
ykzN	22	26	59	
guaD	62	36	41	
metE	3193	2926	2234	
ispA	276	237	340	
rsbRB	1466	1620	1464	
thiX	30	42	27	
thiW	115	172	127	
thiV	34	44	25	
thiU	38	39	29	
ykoG	45	48	36	
ykoH	120	130	104	
ykoI	177	149	122	
ykoJ	145	130	137	
ykzD	1	0	3	
ykzO	2	2	0	
mgtE	1598	1137	1060	
tnrA	54	117	131	
ykzB	2	0	4	
ykoL	0	3	1	
ykoM	29826	32974	24041	
ykoN	2	4	3	
ykoP	4	3	4	
ykoQ	15	29	21	
ykoS	4	9	8	
ykoT	30	23	17	
ligD	99	172	115	
ykoV	48	106	55	
dgcW	890	2902	1367	
ykoX	474	563	529	
ykoY	145	209	215	
sigI	335	530	597	
rsgI	1532	1181	1353	
sspD	2	2	2	
ykrK	1283	1937	1277	
ykrL	3729	5930	4133	
ktrD	211	286	262	
ykzP	4	1	3	
ykzE	6	5	9	
ykrP	23	45	54	
kinE	1377	969	1201	
ogt	789	640	539	
mtnA	22378	21159	20117	
mtnK	30724	23136	21179	
mtnU	810	1138	764	
ykrV	775	949	705	
mtnW	241	206	249	
mtnX	225	155	184	
mtnB	145	142	176	
mtnD	149	180	190	
ykvA	560	878	695	
spo0E	132	189	279	
eag	35	52	80	
kinD	1045	1643	1039	
mhqR	711	1100	986	
motB	6573	24174	12924	
motA	4043	18589	10203	
clpE	668	937	595	
ykvI	4	7	4	
queC	24	76	43	
queD	30	105	62	
queE	233	686	399	
ykvM	350	705	413	
ykvN	59	70	64	
ykvO	34	38	34	
ykvP	162	104	198	
ykzQ	12	8	35	
ykvQ	32	57	73	
ykzR	3	13	5	
ykvR	41	43	50	
ykvS	1958	1904	2136	
ykzS	40	34	33	
ykvT	0	2	0	
ykvU	8	17	10	
stoA	28	50	27	
zosA	215	96	111	
ykvY	4468	4912	3355	
ykvZ	1416	1277	1503	
glcT	2354	2707	2642	
ptsG	1416	19857	7111	
ptsH	12152	21483	13518	
ptsI	105542	169383	117190	
splA	301	530	478	
splB	1165	1871	1796	
ykwB	230	380	425	
mcpC	23295	50147	31144	
ykwC	3603	5428	6285	
ykwD	289	230	230	
pbpH	3822	3889	4352	
kinA	882	702	840	
patA	9020	10038	7007	
ykzT	7	32	24	
cheV	3949	8611	5323	
ykyB	723	1029	1051	
ykuC	383	478	387	
ykuD	22	20	21	
ykuE	17	51	34	
ykuF	6	6	20	
fadG	626	599	878	
ykzU	484	495	574	
ykuH	368	592	515	
ykuI	1831	2202	1771	
ykuJ	885	2220	1538	
ykuK	1105	2335	1731	
ykzF	455	541	677	
ykuL	854	831	1447	
ccpC	3892	3130	4390	
ykuN	168	385	772	
ykuO	130	274	407	
ykuP	38	59	130	
dapH	1897	1819	1826	
dapL	1852	1720	2079	
ykuS	839	752	874	
ykuT	204	416	552	
ykuU	642	553	554	
ykuV	233	261	202	
rok	5855	6358	5160	
yknT	11	16	2	
mobA	34	32	57	
moeB	125	169	271	
moeA	561	445	697	
mobB	387	346	445	
moaE	216	247	352	
moaD	176	149	205	
yknU	184	202	194	
yknV	61	42	54	
yknW	594	888	822	
yknX	2186	2672	3069	
yknY	1156	1394	1443	
yknZ	2262	2712	2918	
fruR	881	1013	966	
fruK	1007	997	1223	
fruA	4438	4668	4625	
sipT	424	1017	976	
ykoA	93	181	128	
ykpA	7011	10336	7315	
ykpB	828	788	930	
ampS	1412	1065	1408	
ykpC	257	185	154	
mreBH	722	622	701	
abh	3096	4835	3307	
kinC	2025	2412	2170	
ykqA	888	1228	1137	
ktrC	2286	2883	2287	
adeC	1444	1811	1597	
rnjA	12429	17050	11309	
ykzG	806	1296	1428	
ykrA	309	219	488	
def	710	1615	1262	
ykzV	9	3	18	
ykyA	172	353	295	
pdhA	10321	18602	11206	
pdhB	13565	24469	15360	
pdhC	27484	48879	30938	
pdhD	29780	49794	33057	
slp	55	131	91	
ykzW	16439	2352	10586	
speA	133	287	167	
yktA	277	205	247	
yktB	869	1076	755	
ykzI	2383	3864	7264	
suhB	1540	2353	3738	
ykzC	987	1195	1769	
yktD	192	218	126	
nprE	1973	1969	1252	
ylaA	44	62	59	
ylaB	9	12	22	
ylaC	33	56	53	
ylaD	17	25	24	
ylaE	227	254	158	
ylaF	669	678	594	
bipA	3944	5373	4204	
ylaH	1066	1454	922	
ylaI	340	747	452	
ylaJ	43	32	35	
ylaK	35	55	10	
ylaL	5537	4384	4071	
ylaM	33	36	25	
ylaN	308	594	416	
ftsW	469	744	746	
pycA	53805	43835	47329	
ctaA	1559	4193	2619	
ctaB	5548	9504	6142	
ctaC	210	149	188	
ctaD	704	531	493	
ctaE	553	432	433	
ctaF	221	196	162	
ctaG	292	219	260	
ylbA	1566	1170	1416	
ylbB	7	15	12	
ylbC	96	126	217	
ylbD	0	0	3	
ylbE	1	2	3	
ylbF	1588	2465	1485	
ylbG	190	402	383	
ylbH	285	361	424	
coaD	575	564	653	
ylbJ	8	10	12	
ylbK	323	342	296	
ylbL	776	974	711	
ylbM	540	467	379	
ylzH	2	4	3	
ylbN	2977	5454	3017	
rpmF	7822	15038	9999	
ylbO	61	77	69	
ylbP	2560	2370	2776	
ylbQ	126	185	171	
yllA	1534	2058	1918	
yllB	2540	3353	3617	
mraW	4622	7510	6120	
ftsL	5118	9071	6378	
pbpB	1907	2493	2245	
spoVD	13	39	36	
murE	733	849	869	
mraY	431	491	576	
murD	806	1046	1328	
spoVE	246	421	476	
murG	195	125	220	
murB	932	558	592	
divIB	995	1046	1145	
ylxW	184	230	277	
ylxX	465	987	621	
sbp	298	767	648	
ftsA	18973	20342	16941	
ftsZ	22117	23357	17927	
bpr	477	392	673	
spoIIGA	5	3	5	
sigE	33	30	30	
sigG	63	47	55	
ylmA	204	230	251	
ylmB	26	22	30	
ylmC	11	10	8	
ylmD	2740	2428	3008	
ylmE	3294	3103	3287	
sepF	2469	2305	2696	
ylmG	1805	1773	1599	
ylmH	1387	1524	1089	
divIVA	13691	16834	11959	
ileS	8871	8614	7301	
ylyA	8	13	15	
lspA	202	490	363	
rluD	517	1062	776	
pyrR	455	2436	749	
pyrP	3015	9667	7972	
pyrB	680	1798	2515	
pyrC	1215	2999	5260	
pyrAA	3157	6084	7984	
pyrK	4110	6729	5533	
pyrD	1873	3448	2807	
pyrF	1009	1992	1571	
pyrE	3865	7586	6620	
cysH	2673	3075	2070	
cysP	1978	1858	1568	
cysC	411	441	516	
sumT	608	736	1120	
sirB	1237	1045	1004	
sirC	1376	950	1097	
yloA	1311	1413	1174	
yloB	36	59	44	
yloC	1426	1819	1696	
ylzA	325	610	419	
gmk	1199	2013	1648	
rpoZ	458	878	684	
coaBC	611	592	539	
priA	1681	1885	2034	
fmt	1175	1700	1502	
rsmB	1938	2430	2023	
yloN	2749	2859	2675	
prpC	1402	1621	1652	
prkC	6090	6936	6655	
yloQ	3525	4047	4254	
rpe	1704	2214	1860	
thiN	728	904	775	
spoVM	56	71	58	
rpmB	4700	11300	6119	
yloU	1432	1650	1179	
yloV	9235	9304	7472	
sdaAB	1678	1641	1644	
sdaAA	3891	2946	3338	
recG	1252	771	1157	
ylpC	1106	3251	2637	
plsX	2961	6316	5153	
fabD	3399	5236	4325	
fabG	10635	14000	11119	
acpP	3005	4036	5678	
rnc	1332	2153	1736	
smc	6395	9269	11640	
ftsY	4519	6151	6769	
ylqB	1130	1696	1111	
ylxM	819	1098	886	
ffh	4300	4975	3729	
rpsP	6973	10154	6655	
ylqC	8166	12742	9550	
ylqD	208	359	278	
rimM	753	1086	1098	
trmD	649	945	849	
rplS	34897	69116	53903	
rbgA	1896	2604	2147	
rnhB	250	608	617	
ylqG	895	2046	1262	
ylqH	59	81	91	
sucC	8687	4523	13135	
sucD	9232	5382	11348	
dprA	95	71	82	
topA	5038	5485	4874	
gid	775	1145	1137	
xerC	1873	2451	2801	
clpQ	1667	2121	2110	
hslU	10524	11955	13309	
codY	7356	9846	8654	
flgB	2142	2174	2694	
flgC	1414	1441	1685	
fliE	771	737	792	
fliF	5089	4054	4251	
fliG	1309	1055	1606	
fliH	1184	1004	1413	
fliI	2828	2763	3106	
fliJ	2348	2222	2084	
ylxF	2685	2814	2551	
fliK	5927	5319	4828	
flgD	543	451	448	
flgG	605	478	790	
ylzI	232	160	173	
fliL	472	425	551	
fliM	955	942	985	
fliY	2585	2333	2254	
cheY	1769	1507	1126	
fliZ	3351	3272	2493	
fliP	1438	1256	1055	
fliQ	654	513	450	
fliR	1521	1448	1118	
flhB	1815	1870	1556	
flhA	3355	4024	3292	
flhF	1400	1846	1298	
ylxH	1105	1527	1155	
cheB	1146	1660	1054	
cheA	4046	5519	3881	
cheW	1267	1780	1311	
cheC	1137	1936	1218	
cheD	826	1439	887	
sigD	1219	2242	1582	
ylxL	1957	3557	2091	
rpsB	8646	17026	9956	
tsf	10597	14863	9953	
pyrH	2464	4476	3968	
frr	7523	11178	8889	
uppS	465	513	837	
cdsA	345	384	408	
dxr	948	1275	1231	
rseP	1892	2147	2033	
proS	8390	10317	9966	
polC	4147	4407	4476	
ylxS	159	339	314	
nusA	1631	2411	2138	
ylxR	523	752	721	
ylxQ	329	463	477	
infB	11989	20354	16126	
ylxP	2897	4529	5066	
rbfA	2619	4545	3902	
truB	519	1005	819	
ribC	1760	2266	1793	
rpsO	25616	30084	25383	
pnpA	18746	20270	23109	
ylxY	205	226	332	
mlpA	650	715	1084	
ymxH	5	13	17	
spoVFA	21	14	17	
spoVFB	15	16	20	
asd	11197	11165	7956	
dapG	7592	7558	6510	
dapA	9049	11121	9048	
rnjB	3371	5195	4346	
tepA	29	47	67	
ylzJ	4	7	12	
spoIIIE	943	952	913	
ymfC	885	1822	1760	
ymfD	129	219	218	
ymfF	3263	2532	2806	
ymfH	7270	5874	6711	
ymfJ	56	68	71	
ymfK	2078	3530	2328	
ymfM	14126	16953	12507	
pgsA	815	850	894	
cinA	2078	2066	2135	
recA	7885	7953	6808	
pbpX	432	478	388	
ymdA	52225	66747	47319	
ymdB	68	131	111	
spoVS	310	140	195	
tdh	3433	1809	2545	
kbl	9959	4461	6088	
ymcB	9623	8554	7863	
ymcA	13333	9356	9833	
cotE	27	33	44	
mutS	1015	1275	1025	
mutL	1299	1502	1295	
ymzD	346	388	310	
ymcC	30	57	40	
pksA	86	148	123	
pksB	258	262	218	
pksC	1820	1514	1229	
pksD	1489	644	769	
pksE	1186	633	878	
acpK	99	33	69	
pksF	273	109	149	
pksG	220	81	120	
pksH	136	42	57	
pksI	114	30	54	
pksJ	1220	493	646	
pksL	646	968	896	
pksM	1190	1517	1607	
pksN	6413	3614	4337	
pksR	1838	1418	1453	
pksS	7134	5765	5820	
ymzB	434	420	680	
ymaE	660	597	508	
aprX	210	246	183	
ymzE	194	163	191	
ymaC	15	17	13	
ymaD	61	86	57	
ebrB	22	34	20	
ebrA	5	9	7	
ymaG	7	11	5	
ymaF	2	3	5	
miaA	314	767	528	
hfq	2771	3834	2769	
ymzC	66	66	75	
ymzA	407	697	701	
nrdI	446	597	645	
nrdE	2442	2967	2374	
nrdF	3127	3478	3385	
ymaB	80	93	102	
cwlC	48	43	57	
spoVK	15	31	31	
ynbA	109	243	214	
ynbB	400	510	529	
glnR	2326	6031	3638	
glnA	29408	47091	35099	
ynxB	46	40	56	
ynzF	79	102	122	
ynzG	9	9	22	
ynaB	1215	1200	1401	
ynaC	1000	942	995	
ynaD	290	229	329	
ynaE	423	553	447	
ynaF	177	254	240	
ynaG	134	189	181	
ynzI	46	48	48	
ynaI	187	149	118	
xynP	58	50	47	
xynB	144	132	99	
xylR	261	419	270	
xylA	624	698	751	
xylB	64	81	103	
yncB	265	373	359	
yncC	936	860	785	
alrB	4	4	2	
yncE	43	47	60	
yncF	82	94	117	
cotU	65	79	91	
ynzJ	20	24	30	
thyA	2133	2488	2032	
yncM	7650	5076	4520	
ynzK	1	6	5	
cotC	178	188	204	
tatAC	296	498	380	
yndA	0	0	0	
yndB	2563	3184	2500	
ynzB	46	61	44	
yndD	12	5	14	
yndE	0	1	2	
yndF	2	4	6	
yndG	21	27	42	
yndH	54	55	52	
yndJ	98	130	170	
yndK	42	52	61	
yndL	2	6	3	
yndM	7	8	8	
yndN	319	326	401	
lexA	2661	3222	2310	
yneA	9	6	11	
yneB	45	51	56	
ynzC	556	996	911	
tkt	144121	136886	110463	
yneE	2023	1337	1865	
yneF	1918	2664	1944	
ynzD	54	94	98	
ccdA	97	88	107	
yneI	34	62	78	
yneJ	2004	2221	2330	
yneK	532	796	535	
cotM	1	3	4	
sspP	2	4	5	
sspO	7	1	3	
citB	55880	22714	27019	
yneN	3348	1658	2140	
ynzL	2	1	3	
sspN	12	13	15	
tlp	9	12	24	
yneP	18	47	48	
yneQ	9	35	49	
yneR	977	1550	1310	
yneS	286	891	640	
yneT	5135	4233	4292	
parE	858	845	973	
parC	1300	1370	1943	
ynfC	509	1050	685	
alsT	449	673	488	
eglS	76	69	116	
ynfE	0	1	0	
xynC	238	216	217	
xynD	372	309	309	
yngA	0	3	1	
yngB	26	31	32	
yngC	398	478	344	
yngD	49	39	46	
yngE	12	18	13	
yngF	2	0	1	
yngG	1	1	0	
yngHB	0	4	0	
yngH	19	19	21	
yngI	48	32	24	
yngJ	12	10	18	
ynzE	0	2	0	
yngK	2	9	5	
yngL	2	2	2	
ppsE	1064	1433	1245	
ppsD	3337	2713	2410	
ppsC	4229	1606	1826	
ppsB	7250	2340	4704	
ppsA	8910	5388	7829	
dacC	1478	1156	1600	
yoxA	970	791	912	
yoeA	3138	2568	2060	
iseA	77182	143644	114972	
trnSL-Arg1	17	14	
yoeC	174	376	213	
yoeD	3	7	12	
ggt	545	327	415	
ftsR	45	50	40	
yogA	105	86	88	
gltD	1024	741	1343	
gltA	7275	6706	7555	
gltC	804	1011	663	
proJ	87	108	128	
proH	94	117	134	
rtp	965	962	914	
yoxC	563	848	1502	
yoxB	266	452	854	
yoaA	157	228	376	
yoaB	25	30	14	
yoaC	21	15	13	
yoaD	27	24	37	
yoaE	952	970	938	
yoaF	718	1066	1083	
yoaG	327	358	481	
yozQ	12	19	24	
yoaH	251	733	567	
yoaI	22	35	26	
exlX	640	568	493	
yoaK	59	64	74	
pelB	69	71	40	
yoaM	3	0	2	
yozS	322	345	330	
yoaN	3	2	3	
yoaO	6	4	6	
yoaP	16	21	20	
yoaQ	1	5	5	
yozT	1	1	4	
yozF	3	1	5	
yoaR	2	0	1	
yoaS	91	102	99	
yozG	173	196	184	
yoaT	183	254	211	
yoaU	84	59	55	
cyeA	25	19	35	
yoaW	36	42	55	
yoaZ	71	78	66	
penP	2312	1677	1933	
yobA	14	12	16	
yozU	1	5	1	
yobB	1	2	3	
pps	386	391	481	
xynA	11534	9685	9566	
yozV	102	271	385	
yobD	133	288	177	
yozH	6	2	2	
yozI	306	390	331	
yobE	189	248	188	
yobF	712	517	652	
yozW	0	3	11	
yozX	0	0	0	
yozJ	5	9	10	
yozY	130	145	145	
yozZ	0	0	0	
rapK	4241	5484	4692	
phrK	310	420	326	
yobH	2	6	9	
yozK	0	0	0	
yozL	0	0	0	
yozM	33	33	29	
yobI	9027	10499	9137	
yoyA	69	221	159	
yobJ	1947	2513	2675	
yobK	373	344	537	
yobL	377	501	628	
yobM	262	208	159	
yobN	4	9	6	
yobO	9156	4353	5072	
csaA	808	855	548	
yobQ	454	671	482	
yobR	266	379	353	
yobS	68	59	96	
yobT	84	69	58	
yobU	72	86	84	
yobV	84	79	69	
yobW	4	2	8	
czrA	217	327	176	
yocA	4451	3951	3608	
yozB	554	2116	1370	
yocB	227	318	769	
yocC	0	5	2	
yocD	501	962	599	
des	138	96	83	
desK	254	252	219	
desR	123	126	89	
yocH	679	1068	1033	
yocI	195	195	217	
yocJ	3413	4483	3748	
yocK	1509	1892	3363	
yocL	12	19	10	
yoyB	18	10	16	
yocM	10	20	18	
yozN	8	4	3	
yocN	14	6	9	
yozO	302	480	589	
yozC	883	1683	1403	
dhaS	46182	18080	24241	
sqhC	39	22	12	
sodF	2	6	1	
yocR	207	320	516	
yocS	104	264	196	
odhB	150120	99084	129574	
sucA	213853	149518	191834	
yojO	2360	3459	3235	
yojN	380	623	472	
sodC	207	133	149	
cwlS	11820	7157	6522	
yojK	350	394	347	
yojJ	76	143	243	
yojI	204	298	186	
rsbRC	486	535	392	
yojG	3270	2761	2923	
yojF	373	401	388	
yoyC	192	287	276	
yojE	370	443	342	
gerT	0	2	2	
yojB	28	10	12	
yojA	141	88	56	
yodA	70	79	80	
yodB	108	216	172	
yodC	8758	10831	7707	
yodD	65	53	74	
yodE	17	18	8	
yoyD	31	131	90	
yodF	739	1461	911	
ctpA	2378	3224	2592	
yodH	5	5	2	
yodI	1	4	5	
yodJ	1251	1251	1442	
deoD	1144	898	1113	
yoyE	0	0	0	
yodL	109	103	92	
yodM	39	34	31	
yozD	1	2	1	
yoyF	0	2	0	
yodN	11	11	13	
yozE	58	46	60	
yokU	1	0	3	
kamA	8	8	10	
yodP	2	1	1	
yodQ	4	1	0	
yodR	3	0	2	
yodS	0	0	1	
yodT	0	1	0	
yoyG	32	65	50	
cgeE	73	229	187	
cgeD	146	487	350	
cgeC	108	93	75	
cgeA	457	403	438	
cgeB	737	694	536	
phy	50	37	55	
ypqP	278	290	239	
yotN	38	37	57	
yotM	213	249	257	
yotL	31	28	32	
yotK	82	81	103	
yotJ	15	16	48	
yotI	43	52	80	
yotH	27	27	30	
yotG	67	87	101	
yotF	0	3	4	
yotE	26	23	43	
yotD	22	22	48	
yotC	57	44	119	
yotB	168	179	268	
sspC	3	1	0	
yosX	50	64	94	
yosW	11	20	19	
yosV	5	6	12	
yojW	12	6	16	
yosU	2	14	8	
yosT	714	639	734	
yosS	559	497	480	
yosR	607	544	571	
yosQ	0	0	0	
nrdEB	8473	8527	8040	
yosL	117	174	236	
yosK	144	211	306	
yosJ	77	138	138	
yosI	34	50	78	
yosH	313	362	502	
yosG	270	258	455	
yosF	17	24	14	
yosE	117	152	154	
yosD	99	112	167	
yosC	38	63	90	
yosB	50	76	79	
yosA	69	36	94	
yorZ	38	33	58	
yorY	4	5	10	
yorX	21	16	41	
yorW	59	56	75	
yorV	71	53	75	
mtbP	457	377	552	
yorT	30	27	27	
yorS	167	145	165	
yorR	19	15	46	
yorQ	5	7	2	
yorP	24	30	35	
yorO	36	41	57	
yorN	31	53	71	
yorM	145	187	236	
yorL	3137	3664	3666	
yorK	1287	1589	1942	
yorJ	879	1096	1437	
yorI	2267	2983	3305	
yorH	788	1134	1120	
yorG	4123	3648	3157	
yorF	2939	2509	2799	
yorE	654	756	839	
yorD	6232	10922	7133	
yorC	301	264	341	
yorB	583	468	590	
yorA	143	134	239	
yoqZ	86	137	136	
yoqY	21	30	51	
yoqX	22	26	38	
yoqW	111	130	77	
ligB	12	6	8	
yoqU	37	57	72	
yoqT	0	0	0	
yoqS	16	23	33	
yoqR	10	19	23	
yoqP	12	24	55	
yoqO	275	361	281	
yoqN	17	27	47	
yoqM	1078	963	730	
yoqL	111	209	301	
yoqK	9	17	29	
yoqJ	60	78	119	
yoqI	40	43	67	
yoqH	71	92	156	
yoqG	31	65	126	
yoqF	24	47	52	
yoqE	67	103	149	
yoqD	150	234	315	
yoqC	21	59	52	
yoqB	9	13	21	
yoqA	5	13	15	
yopZ	1	1	2	
yopY	1	4	8	
yopX	1	3	4	
yopW	2	1	8	
yopV	65	98	89	
yopU	63	206	114	
yopT	253	765	648	
yopS	58	127	51	
yopR	4423	5247	5670	
yopQ	3523	4160	4241	
yopP	1178	1786	1655	
yopO	189	377	256	
yopN	682	1262	921	
yopM	177	364	243	
yopL	5886	8016	5679	
yopK	2356	4044	3385	
yopJ	306	264	210	
yopI	182	238	172	
yopH	70	148	124	
yopG	5	11	9	
yopF	1	6	2	
yopE	11	24	20	
yoyH	16	23	13	
yoyI	14	37	32	
yopD	664	796	674	
yopC	1187	1766	1775	
yopB	28	43	52	
yopA	3160	4656	4352	
yonX	581	1020	803	
yonV	995	1020	979	
yonU	2200	2181	1978	
yoyJ	857	1032	599	
yonT	1248	1012	1318	
yonS	376	670	499	
yonR	110	275	256	
yonP	232	313	310	
yonO	2628	2706	2764	
yonN	2194	2565	1981	
yonK	544	550	482	
yonJ	11263	9131	6373	
yonI	593	475	479	
yonH	5845	5028	3252	
yonG	708	626	505	
yonF	2659	2054	1583	
yonE	4870	4020	2902	
yonD	9693	7603	5216	
yonC	1880	1411	1047	
yonB	3388	2603	1931	
yonA	1703	1138	1133	
yomZ	806	677	678	
yomY	343	268	305	
yomX	956	757	728	
yomW	1067	838	609	
yomV	2689	2130	1662	
yomU	3544	2821	2150	
youA	1493	1216	879	
yomT	487	487	273	
yomS	801	608	511	
yomR	2797	2189	1585	
yomQ	568	490	323	
yomP	610	389	352	
yomO	1188	927	646	
yomN	957	821	585	
yomM	1608	1368	987	
yozP	5	4	3	
yomL	22	11	28	
youB	3	4	8	
yomK	111	282	271	
yomJ	464	768	725	
yomI	3300	3610	2049	
yomH	597	601	425	
yomG	2451	2498	1607	
yomF	643	551	414	
yomE	1558	1337	981	
yomD	414	404	265	
blyA	395	359	231	
bhlA	63	78	53	
bhlB	93	73	67	
bdbB	12489	14184	11676	
yolJ	29511	28278	24335	
bdbA	9832	9489	8705	
sunT	16631	18878	15065	
sunA	13445	10676	15895	
sunI	9070	11918	9002	
uvrX	4	4	4	
yolD	0	4	1	
yolC	307	244	214	
yolB	8683	17078	10303	
yolA	9710	22683	16150	
yokL	1249	1284	1388	
yokK	885	722	944	
yokJ	810	697	1014	
yokI	684	775	770	
yokH	317	209	223	
yoyK	5	4	13	
yokG	3678	2426	2427	
yokF	1226	4810	2461	
yokE	953	1978	1433	
yokD	1225	1614	1619	
yokC	21	32	37	
yokB	240	175	232	
yokA	761	908	682	
yppQ	657	508	628	
msrA	324	285	406	
ypoP	897	1841	1566	
dinF	209	217	203	
ypmT	194	217	170	
ypmS	1447	1513	1431	
ypmR	1151	1123	978	
scuA	538	540	595	
ypmP	762	1175	864	
ilvA	893	1758	1501	
yplP	440	854	597	
yplQ	362	571	305	
ypkP	2013	2859	2593	
dfrA	1670	1848	1614	
ypjQ	5138	5814	4503	
ypjP	3032	3894	2829	
ypiP	147	169	155	
yphP	665	935	941	
ilvD	2134	3535	3023	
ypgR	3688	2986	3102	
ypgQ	645	445	543	
bsaA	520	427	539	
metA	691	1115	761	
ugtP	3491	4798	3587	
cspD	81810	119542	84064	
degR	556	2283	1200	
ypzA	16	17	11	
ypeQ	101	64	61	
ypeP	251	243	184	
ypdP	132	337	226	
ypdQ	238	419	291	
sspL	134	251	151	
exoA	82	279	270	
ypzF	731	1080	1000	
ypbS	1343	2162	2117	
ypbR	3320	2724	3393	
ypbQ	1	5	4	
bcsA	10	7	5	
pbuX	301	137	186	
xpt	167	64	117	
ypwA	3373	2308	3499	
kdgT	282	266	401	
kdgA	145	137	142	
kdgK	253	216	272	
kdgR	377	296	358	
kduI	771	855	704	
kduD	718	709	611	
ypvA	1033	1135	1143	
yptA	37	30	35	
ypzG	13	19	11	
ypsC	931	1162	1037	
rnpB	54770	64098	55300	
ypsB	10101	9807	8339	
ypsA	123	251	200	
cotD	565	827	589	
yprB	639	660	829	
yprA	628	706	1023	
ypqE	981	832	1113	
ypqA	2	4	1	
yppG	2	9	5	
yppF	7556	5175	5064	
yppE	91	133	118	
yppD	72	62	72	
sspM	2	1	0	
yppC	6	8	4	
recU	580	697	565	
ponA	10627	12473	10263	
ypoC	1219	1556	1402	
nth	2147	2759	3242	
dnaD	1622	2118	2774	
asnC	15588	23715	21869	
aspB	23594	19916	16907	
ypmB	3932	5020	5812	
ypmA	179	268	260	
dinG	1947	2863	2509	
panD	592	1301	1025	
panC	2016	4393	3189	
panB	1338	2621	2190	
birA	1158	1431	1373	
cca	1124	1520	1544	
ypjH	1524	1692	2015	
ypjG	809	741	984	
mgsA	596	415	475	
dapB	706	478	549	
ypjD	44	77	86	
ypjC	1047	1124	983	
ypjB	146	158	113	
ypjA	43	43	54	
qcrC	4636	2710	3546	
qcrB	934	565	1337	
qcrA	479	367	702	
ypiF	557	398	607	
ypiB	37309	34801	27609	
ypiA	1329	1641	1791	
aroE	10571	14693	11152	
tyrA	3536	5921	3931	
hisC	2876	5113	2691	
trpA	279	760	403	
trpB	28	32	34	
trpF	5	7	7	
trpC	4	8	6	
trpD	3	4	10	
trpE	21	39	37	
aroH	1617	1957	2481	
aroB	4962	5360	5278	
aroF	3119	2967	2639	
cheR	383	453	443	
ndk	17739	14805	16108	
hepT	1861	2597	2012	
ubiE	680	1131	854	
hepS	783	1451	1347	
mtrB	338	656	409	
folE	663	1396	1102	
hbs	72634	92071	77239	
spoIVA	131	211	179	
yphF	789	1294	936	
yphE	235	323	248	
gpsA	554	611	574	
engA	239	344	476	
ypzH	1	3	12	
seaA	6	17	19	
yphA	5	7	12	
ypzI	51	75	40	
fni	4265	3117	2860	
rpsA	56026	41522	37570	
cmk	629	1152	847	
ypfB	31	60	40	
dgrA	386	614	469	
ypeB	37	140	129	
sleB	4	9	6	
prsW	590	1077	822	
ypdA	3782	3419	3773	
gudB	29887	17238	24568	
ypbH	1233	1149	1034	
ypbG	123	80	100	
ypbF	82	104	82	
ypbE	1247	1820	1318	
ypbD	338	537	371	
recQ	1109	1201	1320	
ypbB	536	809	539	
fer	3977	5427	4740	
fmnP	169	346	230	
ypzE	8	38	25	
serA	16777	25050	16672	
aroD	253	533	436	
rsiX	2382	2405	1609	
sigX	1120	1359	954	
resE	3907	7035	5477	
resD	2350	3736	3556	
resC	2291	3581	2841	
resB	3702	5943	5406	
resA	594	1009	1154	
rluB	865	1135	1397	
spmB	6	9	8	
spmA	4	13	12	
dacB	16	17	12	
ypuI	172	184	189	
spcB	127	161	199	
scpA	52	145	134	
ypuF	7	23	38	
ypzK	2370	3683	2445	
ribH	869	1222	1061	
ribA	1739	1977	1696	
ribE	487	429	362	
ribD	574	500	472	
ypuD	186	338	532	
sipS	568	972	870	
ypzC	0	0	0	
ypzJ	43	168	102	
ypuC	3	2	3	
ypuB	1	2	1	
ypzD	29	21	28	
ppiB	4036	5831	5097	
ypuA	3397	4619	3399	
lysA	401	700	693	
spoVAF	114	128	82	
spoVAEA	9	16	17	
spoVAEB	5	1	3	
spoVAD	9	9	4	
spoVAC	0	0	1	
spoVAB	0	2	0	
spoVAA	0	0	2	
sigF	3018	1562	1622	
spoIIAB	1333	677	750	
spoIIAA	1173	663	688	
dacF	33	27	36	
pupG	5801	6842	6175	
drm	4058	4793	5289	
xerD	822	1193	933	
yqzK	43	37	43	
fur	80	240	181	
spoIIM	7	0	2	
yqkK	1	0	2	
mleA	4498	4232	5144	
mleN	2029	2228	2604	
aspA	1002	1001	855	
ansA	404	391	452	
ansR	36	72	48	
yqxK	1258	1491	1633	
nudF	448	591	701	
yqkF	2417	1711	1371	
yqkE	459	536	492	
yqkD	286	331	224	
yqkC	745	793	643	
yqkB	501	623	501	
yqkA	716	754	864	
yqjZ	132	138	161	
yqjY	32	29	66	
yqjX	1	1	3	
yqjW	5	4	7	
yqzH	70	73	86	
yqjV	450	657	406	
yqjU	122	127	89	
yqjT	537	646	658	
coaA	303	387	529	
dsdA	628	554	556	
yqjQ	219	241	192	
yqjP	79	139	135	
proI	73	111	68	
yqjN	725	466	552	
yqjM	1391	1218	927	
yqjL	4291	1740	1632	
yqjK	128	114	119	
zwf	14852	22354	13920	
yqjI	34683	45242	28642	
yqjH	210	316	279	
yqzJ	172	273	209	
yqjG	3298	4467	3154	
yqjF	37	76	91	
yqjE	1431	1060	1179	
yqjD	323	403	444	
yqjC	0	0	0	
yqjB	3	0	2	
yqjA	308	495	333	
artR	171	328	251	
artQ	88	163	116	
artP	210	280	201	
yqiW	1660	2762	2076	
bmrU	1157	2050	3407	
bmr	674	1262	1978	
bmrR	200	230	229	
bkdB	28996	13730	22406	
bkdAB	17767	8879	15992	
bkdAA	18757	9744	16677	
lpdV	17531	9469	14832	
buk	5218	2622	4858	
bcd	2312	770	1365	
ptb	2538	1162	2165	
bkdR	735	963	854	
yqzF	452	734	414	
prpB	144	250	200	
prpD	63	93	70	
mmgD	5	7	5	
mmgC	3	1	4	
mmgB	0	2	2	
mmgA	1	0	1	
yqiK	182	189	175	
yqiI	18	25	17	
yqiH	10	4	16	
yqiG	1549	1878	1116	
spo0A	5278	6162	5098	
spoIVB	3	8	13	
recN	1760	1792	2060	
ahrC	68	95	117	
yqxC	2873	3318	2902	
dxs	4923	5186	4566	
xseB	47	36	56	
xseA	272	223	242	
folD	8455	11081	7540	
nusB	2348	3971	3275	
yqhY	12173	13566	11759	
accC	31649	35779	29606	
accB	4696	7691	5081	
spoIIIAH	37	20	
spoIIIAG	5	9	
spoIIIAF	2	12	
spoIIIAE	8	20	
spoIIIAD	2	1	
spoIIIAC	0	0	
spoIIIAB	0	1	
spoIIIAA	2	0	
yqhV	0	0	0	
efp	16895	17202	16662	
yqhT	11382	11914	8964	
yqhS	1466	1696	1527	
yqhR	9	7	9	
yqhQ	2368	3863	2788	
yqhP	1711	2184	1816	
yqhO	15	42	36	
mntR	2418	3125	2776	
yqhM	1067	978	925	
yqhL	148	573	322	
gcvPB	4994	2770	4299	
gcvPA	6645	3434	4783	
gcvT	6645	3562	4193	
yqhH	26	14	16	
yqhG	355	426	278	
sinI	326	384	327	
sinR	1877	2759	2485	
tasA	8250	5176	3709	
sipW	92	112	112	
yqxM	161	384	259	
yqzG	10	14	11	
yqzE	2	5	15	
comGG	1	4	7	
comGF	2	0	2	
comGE	6	3	5	
comGD	7	0	4	
comGC	4	4	5	
comGB	35	30	10	
comGA	89	70	64	
yqxL	280	285	839	
yqhB	451	903	1525	
rsbRD	529	1337	1171	
trnSL-Gln1	0	0	
mgsR	5016	8321	12120	
yqgY	656	462	426	
yqgX	1438	1182	1448	
yqgW	491	570	785	
yqgV	832	973	850	
yqgU	944	1280	1058	
yqgT	132	166	224	
yqgS	8246	8314	6956	
glcK	448	344	478	
yqgQ	28	42	62	
glpG	285	334	389	
yqgO	63	53	75	
yqgN	310	355	394	
yqgM	43	60	45	
yqgL	35	36	39	
yqzD	2525	3606	3228	
yqzC	1557	1988	1501	
pstBB	17	17	19	
pstBA	15	13	26	
pstA	3	3	6	
pstC	11	9	18	
pstS	36	32	33	
pbpA	5610	5125	4862	
yqgE	36	38	29	
sodA	161167	126481	128645	
yqgC	66	103	252	
yqgB	224	337	271	
yqgA	24167	33614	34571	
yqfZ	4	5	2	
ispG	10446	11233	7297	
yqfX	39	35	39	
yqfW	169	495	311	
zur	1487	988	1102	
yqfU	552	816	890	
yqfT	5	4	9	
yqfS	667	1385	1114	
cshB	1033	1846	1470	
yqfQ	4	3	4	
ispH	691	1087	955	
yqfO	886	920	1218	
trmK	69	77	134	
cccA	38	67	124	
sigA	26894	22427	19497	
dnaG	19177	16654	15356	
antE	12	19	8	
yqxD	2730	2804	2839	
yqfL	3099	2393	2501	
ccpN	1634	1262	1389	
glyS	2230	2726	2203	
glyQ	436	436	530	
recO	1113	1480	1282	
yqzL	502	719	747	
era	1369	2128	2154	
cdd	982	1562	1285	
dgkA	214	259	301	
yqfG	1707	1941	1919	
yqfF	5697	6142	5652	
phoH	6012	8053	7412	
yqfD	257	280	485	
yqfC	5	10	2	
yqfB	3494	3526	2574	
yqfA	3569	3814	3406	
yqeZ	2628	3863	3769	
yqeY	94795	125677	94081	
rpsU	20606	26568	25945	
yqeW	18	17	11	
rimO	2109	3129	2578	
yqeU	273	566	369	
prmA	392	676	563	
dnaJ	681	1041	979	
dnaK	84840	111268	99365	
grpE	14933	27731	24304	
hrcA	15655	31577	26741	
hemN	870	1483	1669	
lepA	3666	5478	4218	
yqxA	3	5	13	
spoIIP	14	22	24	
gpr	7	22	10	
rpsT	7468	13186	7778	
holA	377	831	569	
yqzM	113	99	94	
comEC	50	55	35	
comEB	38	61	67	
comEA	0	0	0	
comER	14	20	19	
yqeM	797	1310	1018	
yqeL	312	536	431	
yqeK	139	216	173	
nadD	287	330	311	
yqeI	226	205	322	
yqeH	755	697	908	
yqeG	71	155	160	
sda	55	115	52	
yqeF	139	221	255	
cwlH	22	10	23	
yqeD	51	86	72	
yqeC	15	22	30	
yqeB	913	1256	836	
nucB	3	1	0	
spoIVCB	5	5	6	
spoIVCA	204	256	169	
arsC	34	31	65	
arsB	77	46	92	
yqcK	26	14	37	
arsR	16	24	31	
yqcI	20	20	19	
rapE	283	323	268	
phrE	1329	1316	1186	
yqzI	105	68	106	
yqcG	1428	1309	1361	
yqcF	994	676	702	
yqxJ	350	292	287	
yqxI	403	444	374	
cwlA	3	3	5	
yqxH	0	0	1	
yqxG	10	7	4	
yqcE	0	0	0	
yqcD	0	0	0	
yqcC	1	3	0	
yqcB	0	1	1	
yqcA	0	0	1	
yqbT	2	0	0	
yqbS	1	1	0	
yqbR	0	0	0	
yqbQ	2	4	6	
yqbP	1	1	0	
yqbO	15	18	21	
yqbN	2	1	0	
yqdB	16	40	29	
yqbM	6	10	11	
yqbK	6	7	16	
yqzN	1	0	0	
yqbJ	1	3	4	
yqbI	6	10	10	
yqbH	5	8	6	
yqbG	17	54	40	
yqbF	5	25	19	
yqbE	6	11	17	
yqbD	6	6	18	
yqbC	339	574	565	
yqbB	17	13	22	
yqbA	10	21	42	
yqaT	68	137	82	
yqaS	150	251	228	
yqaR	168	644	367	
yqaQ	0	1	0	
yqaP	16988	21694	15564	
yqaO	2	6	3	
yqaN	1	1	3	
yqzO	3	1	0	
yqaM	5	4	3	
yqaL	2	2	3	
yqaK	3	2	3	
yqaJ	0	3	3	
yqaI	0	0	0	
yqaH	0	0	0	
yqaG	1	0	0	
yqdA	0	0	0	
yqaF	0	0	0	
yqaE	261	470	388	
yqaD	8	6	8	
yqaC	71	56	68	
yqaB	17	20	19	
spoIIIC	6	9	14	
yrkS	1	1	4	
yrkR	46	77	52	
yrkQ	133	223	316	
yrkP	9	15	22	
yrkO	58	48	47	
yrkN	61	94	86	
yrkL	330	386	351	
yrkK	146	162	156	
yrkJ	11	11	7	
yrkI	0	0	0	
yrkH	2	6	5	
yrkF	7	4	3	
yrkE	8	2	4	
yrkD	29	49	47	
yrzM	15	39	26	
yrzN	7	5	5	
yrkC	156	200	128	
yrkB	18	7	9	
bltR	5	16	14	
blt	42	36	41	
bltD	42	42	40	
yrkA	1661	2830	2415	
yrzO	0	0	1	
yrdR	5	5	11	
yrdQ	21	22	21	
yrdP	438	322	394	
czcD	162	142	259	
yrdN	22	26	32	
gltR	62	112	85	
yrdK	232	266	215	
brnQ	468	457	494	
azlD	119	85	76	
azlC	84	65	85	
azlB	36	65	82	
yrdF	9	30	29	
cypA	44	70	49	
yrdD	11	13	11	
yrdC	287	355	312	
yrdB	8	24	19	
yrdA	771	1102	929	
aadK	1649	1585	1511	
yrpB	1709	1536	1368	
yrpC	279	606	373	
yrpD	12013	8562	8123	
yrpE	16	14	15	
sigZ	38	63	53	
yrpG	14	10	19	
yraO	981	779	1022	
yraN	425	361	630	
yraM	35	35	35	
csn	4023	3644	2474	
yraL	3506	2940	2619	
yraK	365	214	212	
yraJ	84	63	83	
yraI	24	11	21	
yraH	611	712	682	
yraG	3	5	8	
yraF	5	10	16	
adhB	9	7	34	
yraE	0	4	5	
yraD	13	6	6	
yraB	33	36	41	
yrzP	1	3	3	
adhA	487	446	409	
yraA	4511	4668	3523	
sacC	631	344	656	
levG	267	140	295	
levF	274	142	299	
levE	154	88	195	
levD	283	178	194	
levR	280	205	238	
aapA	68	167	94	
yrhP	9044	5773	6237	
yrhO	94	174	142	
sigV	15	23	24	
rsiV	125	93	61	
oatA	233	219	191	
yrhK	60	60	78	
cypB	2748	1683	1579	
bscR	408	283	257	
yrhH	227	83	99	
yrzI	23	33	40	
yrhG	350	231	289	
yrhF	715	627	635	
yrhE	1257	1347	1076	
yrhD	185	179	121	
yrhC	88	122	105	
yrhB	200	174	202	
mccA	158	117	111	
mtn	2954	3008	2537	
yrrT	1249	1337	1326	
yrzA	3	6	9	
yrrS	542	906	877	
pbpI	25	31	50	
greA	5737	4493	3764	
udk	805	2093	1643	
yrrO	1671	3514	2799	
yrrN	278	606	602	
yrrM	71	131	134	
yrrL	1611	2439	1631	
yrzB	4112	4773	4869	
yrrK	1963	2879	2707	
yrzL	1713	2205	2384	
alaS	6423	7390	5847	
yrrI	7	9	10	
glnQ	2	5	22	
glnH	3	10	14	
glnM	2	2	5	
glnP	3	1	1	
yrzQ	56	36	90	
yrzR	102	45	41	
yrrD	90	38	57	
yrrC	1328	1807	1701	
yrrB	225	269	325	
mnmA	2125	3260	1940	
iscS	1784	2435	1986	
cymR	185	445	356	
yrvN	1753	2188	1465	
yrvM	838	1113	1215	
aspS	8387	12533	10874	
hisS	1655	2215	2091	
yrzK	1	2	2	
yrvJ	5514	9372	6266	
yrvI	2478	3079	2387	
relA	9457	11709	10181	
apt	1097	2103	1624	
recJ	1495	2415	2220	
yrvD	706	1189	1762	
yrvC	181	339	395	
secDF	22765	27024	19844	
comN	1272	1675	1709	
spoVB	7	11	8	
yrbG	3	5	8	
yrzE	0	2	0	
yajC	5403	6612	6772	
tgt	1450	2208	2059	
queA	1169	1261	1240	
yrzS	92	101	92	
ruvB	721	792	746	
ruvA	139	328	274	
bofC	93	140	238	
csbX	2113	1807	1998	
yrbE	10802	9659	7193	
yrzF	966	974	1046	
yrzH	29	32	26	
yrzT	13	37	26	
yrbD	40	66	43	
yrbC	53	42	78	
coxA	13	22	22	
safA	46	89	67	
nadA	25	27	33	
nadC	2	4	8	
nadB	6	7	3	
nifS	224	303	203	
nadR	687	921	625	
pheA	554	801	746	
pheB	319	305	432	
obgE	1390	1000	969	
spo0B	259	351	314	
rpmA	8573	13859	9995	
ysxB	6469	7908	7060	
rplU	3341	5214	3436	
spoIVFB	12	11	12	
spoIVFA	20	16	7	
minD	4164	5416	5319	
minC	3068	3319	3271	
mreD	1328	1431	1297	
mreC	4319	3523	2925	
mreB	2594	3031	2835	
radC	301	324	281	
maf	251	269	274	
spoIIB	26	28	30	
comC	2	4	1	
folC	898	1165	1001	
valS	2464	2218	2490	
yszA	0	2	5	
ysxE	39	45	38	
spoVID	85	96	127	
hemL	4750	6038	4292	
hemB	1346	1732	1442	
hemC	898	1418	1431	
hemX	203	478	410	
hemA	4134	11913	8645	
ysxD	433	386	250	
engB	1224	1200	1965	
lonA	8851	7674	9394	
lonB	156	188	279	
clpX	22955	20951	17326	
tig	26520	30605	23526	
ysoA	486	1073	1230	
leuD	678	4030	2895	
leuC	1472	8118	5790	
leuB	409	2797	1778	
leuA	683	2950	2337	
ilvC	1768	4837	4133	
ilvH	276	733	731	
ilvB	530	1344	1268	
ysnD	0	1	0	
ysnE	13	17	11	
ysnF	1002	1243	3153	
trnSL-Arg2	117	80	
ysnB	2452	1997	2902	
ysnA	2999	2387	2901	
rph	1253	1248	1820	
gerM	56	81	86	
racE	1218	1862	1373	
ysmB	614	1254	1025	
gerE	1365	1158	1440	
ysmA	2076	1427	1633	
sdhB	43828	30141	34672	
sdhA	69702	46777	60846	
sdhC	4012	3156	3729	
yslB	972	1533	1320	
lysC	269	310	195	
uvrC	590	895	800	
trxA	7146	7015	5789	
xsa	402	204	252	
etfA	2960	1889	2392	
etfB	1797	1262	1901	
ysiB	1669	1256	1566	
fadR	1157	1185	1397	
lcfA	2653	2360	2641	
yshE	199	270	314	
mutSB	4342	4733	4977	
yshC	3601	2929	2607	
yshB	124	328	343	
yshA	70	152	121	
rnhC	373	585	469	
pheT	2967	3504	2900	
pheS	144	105	98	
ysgA	285	586	466	
sspI	8	14	11	
ysfB	122	98	127	
glcD	9236	4533	5492	
glcF	7079	3649	3884	
ysfE	282	236	266	
cstA	1873	1231	1730	
abfA	1051	283	506	
araQ	364	118	227	
araP	323	138	269	
araN	755	384	602	
araM	433	221	394	
araL	133	95	179	
araD	210	175	242	
araB	615	425	638	
araA	546	387	650	
abnA	140	72	115	
ysdC	2604	1935	2441	
ysdB	4254	4870	6282	
ysdA	105	254	227	
rplT	5880	16197	7377	
rpmI	3201	10081	4283	
infC	4438	16717	6054	
yscB	506	1198	695	
ysbB	56387	58379	70798	
ysbA	40930	52790	59261	
lytT	520	886	599	
lytS	667	1112	823	
ysaA	3906	7758	5101	
thrS	16666	21271	14652	
ytxC	892	1358	1720	
ytxB	508	692	692	
dnaI	797	1108	1123	
dnaB	492	940	910	
nrdR	476	477	380	
speD	68676	5848	16207	
gapB	109179	6626	26777	
ytcD	6	30	23	
ytbD	40	119	82	
ytbE	66	109	80	
coaE	1111	1167	1284	
ytaF	1248	1144	1300	
mutM	2111	1858	2092	
polA	2326	2065	2441	
phoR	7638	4977	8937	
phoP	2925	1981	3797	
mdh	82819	60805	76234	
icd	150256	102142	131329	
citZ	108254	72600	92928	
ytwI	154	259	260	
ytvI	1	4	3	
fxsA	1729	2360	2212	
pyk	38138	51490	42098	
pfkA	8508	9844	10109	
accA	5080	5849	5477	
accD	4792	5976	5134	
ytsJ	10736	14231	9196	
dnaE	5403	8209	5457	
ytrH	1	0	1	
ytrI	2	1	1	
ytzJ	221	361	284	
nrnA	3003	3305	2270	
ytpI	309	470	439	
ytoI	1348	1715	1497	
ytnM	16	12	7	
ytnL	18	23	19	
rbfK	6	6	2	
ytnJ	4	4	7	
ytnI	1	0	3	
ytmO	2	5	4	
tcyN	4	0	0	
tcyM	0	0	1	
tcyL	2	2	0	
tcyK	1	1	3	
tcyJ	0	0	1	
ytmI	0	0	0	
ytlI	6	10	6	
ytkL	5248	4733	5581	
ytzD	52	45	74	
argH	531	379	455	
argG	238	200	188	
moaB	310	564	420	
ackA	7674	17611	10234	
ytxK	9720	7954	9217	
tpx	42453	34354	25534	
ytfJ	49	61	112	
ytfI	39	59	122	
yteJ	2286	2544	2502	
sppA	5156	5509	6050	
ytcJ	3731	4016	4344	
ytcI	1254	1255	1225	
sspA	326	315	370	
ytbJ	1192	1499	1274	
braB	298	348	237	
ezrA	14922	14136	9937	
hisJ	1218	1487	1197	
yttP	145	94	67	
ytsP	1629	2377	1729	
dgcP	934	1713	1372	
rpsD	8000	15857	9725	
tyrS	5895	6375	4638	
ytzK	435	376	466	
acsA	1341	1037	1678	
acuA	2047	3671	3444	
acuB	3660	4401	3357	
acuC	5087	4499	3626	
ytxE	220	374	293	
ytxD	379	365	380	
ccpA	5554	7344	4068	
aroA	10430	13904	10485	
ytxJ	3233	3453	4838	
ytxH	11913	11847	18025	
ytxG	13409	14249	24397	
murC	4243	6332	4928	
ytpS	3826	3680	3981	
ytpR	7062	9094	7149	
ytpQ	3139	3401	2564	
ytpP	937	1234	1200	
ytoQ	972	1088	1246	
ytoP	1081	705	716	
ytzB	2855	2171	1953	
malS	799	692	807	
ytnP	234	231	218	
trmB	228	527	322	
ytzH	2	1	0	
ytmP	493	553	576	
amyX	2223	2732	1923	
ytlR	2105	2808	2228	
ytlQ	2458	3086	2992	
ytlP	641	692	659	
ytkP	1668	2087	1599	
ytjP	3184	2568	3019	
pbuO	84	136	71	
ythQ	1261	2335	2080	
ythP	1223	1857	1738	
ytzE	3685	3334	2469	
ytzG	192	296	192	
ytgP	830	1534	959	
ytfP	1587	1572	1253	
opuD	3548	4327	3716	
yteV	4	8	9	
yteU	19	9	15	
yteT	31	17	36	
yteS	10	3	9	
yteR	13	5	9	
yteP	3	1	0	
ytdP	137	153	173	
ytcQ	737	487	646	
ytcP	60	41	56	
ytbQ	32	35	87	
bioI	12	8	11	
bioB	22	13	21	
bioD	21	8	15	
bioF	45	32	37	
bioA	72	45	47	
bioW	41	29	40	
ytaP	180	119	121	
msmR	1357	2341	1484	
msmE	515	538	428	
amyD	224	215	225	
amyC	157	178	210	
melA	1173	1189	1348	
ytwF	599	1130	600	
leuS	14328	15253	11511	
ytvB	8	12	20	
ytvA	1101	1110	935	
yttB	169	125	179	
yttA	3226	3322	2154	
bceB	260	303	229	
bceA	38	66	69	
bceS	638	746	747	
bceR	355	564	401	
ytrF	535	523	646	
ytrE	98	71	115	
ytrD	61	64	82	
ytrC	66	58	80	
ytrB	67	50	41	
ytrA	7	3	8	
ytzC	209	268	151	
ytqA	167	317	220	
ytqB	249	285	183	
ytpB	2651	2459	2322	
ytpA	703	712	865	
ytoA	114	87	104	
ytnA	2038	1683	1960	
asnB	18016	18474	14409	
metK	5782	5460	4685	
pckA	123701	10620	29539	
ytmB	186	345	358	
ytmA	76	86	119	
ytlA	7	7	2	
ytlC	6	9	3	
ytlD	18	30	12	
ytkD	192	773	474	
ytkC	19	31	33	
dps	29728	37807	51981	
ytzI	108	113	94	
ytkA	3271	3536	3378	
luxS	2106	2041	2059	
ytjA	11	57	23	
ytiB	1032	1578	1548	
rpmE2	83	262	309	
ythA	4	6	1	
ythB	52	81	53	
ytzL	13	14	4	
mntD	22	48	56	
mntC	22	72	76	
mntB	15	21	44	
mntA	16	22	39	
menC	1538	1949	2042	
menE	1822	2216	2505	
menB	14478	14858	13286	
ytxM	1368	1845	2313	
menD	2808	4592	5327	
menF	2885	4406	4493	
yteA	4	1	2	
ytdA	6	7	9	
ytcA	5	9	6	
ytcB	7	8	6	
ytcC	5	6	3	
ytxO	17	13	14	
cotS	34	28	29	
cotSA	24	16	9	
cotI	28	36	19	
ytaB	93	181	261	
glgP	44	33	43	
glgA	32	18	32	
glgD	23	26	23	
glgC	31	25	30	
glgB	34	20	23	
trnB-Glu	4	21	
trnB-Ser2	0	0	
trnB-Asn	1	5	
trnB-Ile2	0	6	
trnB-Gly2	0	0	
trnB-His	2	6	
trnB-Phe	0	0	
trnB-Asp	0	0	
trnB-Met2	3	5	
trnB-Ser1	8	9	
trnB-Met3	7	12	
trnB-Met1	4	10	
trnB-Ala	0	2	
trnB-Pro	0	0	
trnB-Arg	0	1	
trnB-Leu2	0	0	
trnB-Gly1	0	0	
trnB-Leu1	15	14	
trnB-Lys	4	13	
trnB-Thr	2	7	
trnB-Val	2	0	
rrnB-5S	0	0	0	
rrnB-23S	2	0	
rrnB-16S	3	1	
thiT	50	97	53	
yuaI	171	309	380	
yuaG	1150	2392	2568	
yuaF	506	980	1092	
yuaE	2399	3282	2764	
yuaD	758	629	645	
gbsB	94	91	121	
gbsA	31	22	46	
yuaC	109	217	187	
yuaB	2008	1843	1573	
ktrA	67	41	48	
ktrB	219	138	111	
yubF	1569	2483	2560	
lytG	312	649	411	
yubD	81	118	114	
cdoA	2	6	7	
trnSL-Ala1	29	21	
yubB	4273	4194	3724	
yubA	2234	2859	2117	
yulF	2082	2209	1940	
yulE	347	241	333	
yulD	55	46	70	
yulC	689	751	805	
yulB	395	496	471	
yuxG	1217	1347	1426	
tlpB	241	656	657	
mcpA	13346	32835	14177	
tlpA	478	1320	722	
mcpB	2672	4992	2944	
tgl	25	30	42	
yuzH	354	391	481	
yugU	634	589	919	
yugT	61	78	67	
yugS	28	29	40	
yugP	783	849	626	
yuzI	1	1	0	
mstX	9	20	23	
yugO	20	36	29	
yugN	4606	2225	2837	
yugM	4258	1995	2519	
pgi	32351	21572	20441	
yugK	523	805	640	
yugJ	2130	2998	2691	
yuzA	269	300	747	
yugI	3849	15860	8074	
alaT	4027	7945	5634	
yugG	933	2250	1773	
yugF	8	11	5	
yugE	57	74	99	
patB	2380	2164	1989	
kinB	409	653	528	
kapB	833	990	768	
kapD	23	29	42	
yuxJ	307	265	316	
pbpD	2929	5061	3303	
yuxK	1432	2096	1388	
yufK	791	1606	1074	
yufL	1032	1949	1296	
yufM	1249	1735	1308	
yufN	381	517	688	
yufO	121	167	253	
yufP	95	103	151	
yufQ	49	77	113	
maeN	1485	1164	1360	
yufS	1	2	3	
mrpA	1986	2542	2277	
mrpB	178	209	179	
mrpC	265	283	268	
mrpD	1264	1315	1228	
mrpE	427	464	377	
mrpF	131	104	118	
mrpG	564	615	563	
yuxO	393	315	289	
comA	381	464	510	
comP	5960	6899	7123	
comX	486	744	792	
comQ	440	679	832	
degQ	19	16	11	
yuzC	1	2	1	
pdeH	3901	5796	5568	
yueK	5195	4210	3990	
pncA	310	298	578	
yueI	248	519	413	
yueH	145	369	255	
yueG	321	384	277	
yueF	1289	1597	1397	
yuzE	11	10	21	
yuzF	35	64	86	
yueE	404	723	688	
yueD	2776	2900	2699	
yueC	1374	870	727	
yueB	7468	4418	4950	
yukB	8503	5410	7750	
yukC	2041	1849	3018	
yukD	121	100	148	
yukE	9688	7586	9100	
yukF	750	1149	848	
ald	45091	33270	35940	
yukJ	30775	18803	20352	
ybdZ	551	137	152	
dhbF	22315	9057	8410	
dhbB	6781	3608	3495	
dhbE	9920	5927	6370	
dhbC	5370	3699	3591	
dhbA	3245	2965	2191	
besA	2378	3588	2141	
yuiH	33	20	24	
bioYB	85	112	67	
yuiF	353	314	362	
yuiE	11078	10195	9962	
yuiD	880	1158	939	
yuiC	77	110	118	
yuiB	251	328	324	
yuiA	47	90	83	
yumB	237	203	375	
yumC	7190	7910	5440	
yuzG	16	53	42	
guaC	217	334	225	
paiB	866	538	682	
paiA	182	113	148	
yutM	2340	2402	2184	
dapF	1193	1674	1453	
yutK	54	181	110	
yuzB	331	617	494	
yutJ	7277	6749	6322	
yuzD	244	229	215	
yutI	1127	1353	1499	
yuxL	2601	1208	1644	
thrB	2973	4465	3734	
thrC	4487	5729	5016	
hom	1732	2249	1937	
yutH	112	115	120	
yutG	4	6	4	
yutF	3557	3214	3317	
yutE	820	964	950	
yutD	397	390	475	
yutC	6	14	9	
lipA	15036	17382	12853	
lytH	70	73	62	
yunB	118	164	111	
yunC	1351	1521	1143	
yunD	4050	4756	3832	
yunE	1669	1952	1792	
yunF	1273	1621	1439	
yunG	150	148	154	
pucH	38	18	33	
pucR	228	196	131	
pucJ	72	66	81	
pucK	78	48	73	
pucL	96	90	106	
pucM	60	46	46	
yuzJ	55	42	32	
pucE	0	4	3	
pucD	5	8	8	
pucC	2	2	5	
pucB	0	1	3	
pucA	0	3	2	
pucG	282	199	263	
yurH	58	42	50	
bsn	476	461	318	
yurJ	60	40	56	
frlR	255	423	292	
frlD	7	3	9	
frlM	6	5	18	
frlN	17	20	17	
frlO	131	112	131	
frlB	432	461	545	
yurQ	496	636	581	
yurR	654	873	620	
sspG	93	75	66	
yurS	59	79	80	
yurT	661	770	693	
yuzN	38	49	61	
sufB	35814	44947	35397	
iscU	5642	8037	7728	
sufS	12661	19227	16366	
sufD	14651	24735	22520	
sufC	3122	6941	5730	
yuzK	103	218	148	
yurZ	35	61	58	
metN	2663	3985	2877	
metP	485	654	550	
metQ	732	1178	803	
yusD	244	221	249	
yusE	170	138	130	
yusF	350	258	350	
yusG	7133	7047	6036	
yusH	22740	21468	21150	
yusI	1515	1598	1830	
fadE	1220	720	1131	
yusK	329	204	412	
fadN	914	617	957	
yuzL	1	0	0	
fadM	5	0	7	
yuzM	4	6	0	
yusN	8	8	8	
yusO	125	153	190	
yusP	660	688	636	
yusQ	8	3	11	
yusR	3	5	10	
yusS	3	5	2	
yusT	446	626	426	
yusU	351	390	261	
yusV	4029	6863	6976	
yusW	60	45	81	
yusY	2867	2401	3240	
yusZ	375	561	369	
mrgA	588	722	501	
htrB	2365	2608	2796	
cssR	1117	1222	1117	
cssS	2331	2144	1817	
yuzO	355	410	443	
yuxN	487	690	468	
fumC	51834	36055	38821	
yvzF	62	133	118	
gerAA	7	4	4	
gerAB	6	8	8	
gerAC	10	15	16	
liaR	223	282	211	
liaS	435	556	479	
liaF	191	298	216	
liaG	109	219	171	
liaH	433	390	325	
liaI	173	158	126	
yvqJ	398	269	230	
yvqK	280	355	390	
yvrA	99	117	155	
yvrB	336	344	464	
yvrC	2137	2409	2325	
yvrD	967	1054	802	
yvrE	952	1267	2165	
yvrG	907	1023	990	
yvrH	232	529	450	
rsoA	1	10	23	
sigO	3	2	3	
yvrJ	1	2	2	
oxdC	2510	1098	1329	
yvrL	135	68	64	
yvrN	2587	3470	3166	
yvrO	240	341	353	
yvrP	314	473	534	
fhuC	852	1153	1453	
fhuG	322	439	527	
fhuB	135	391	307	
fhuD	11278	21953	13718	
lysP	21	31	17	
sspJ	44	42	49	
yvsG	21	36	27	
yvgJ	650	690	813	
yvgK	3162	4019	3570	
yvgL	840	988	865	
yvgM	377	338	267	
yvgN	23173	15576	16511	
yvgO	229	280	549	
nhaK	211	299	290	
yvgQ	10103	10969	10462	
cysJ	2394	2992	2622	
helD	298	342	325	
yvgT	125	203	180	
bdbC	2066	3757	2450	
bdbD	3861	7567	6384	
copB	5508	3931	4445	
copA	965	896	754	
copZ	217	219	218	
csoR	108	161	234	
yvaA	6889	7434	11593	
yvaB	729	570	411	
yvaC	25	41	26	
yvaD	171	249	204	
yvaE	112	103	123	
yvaF	219	185	273	
yvaG	684	780	900	
ssrA	53357	68703	46402	
smpB	583	763	631	
rnr	8595	8393	11585	
yvaK	748	796	1369	
secG	3759	4560	4818	
yvaM	249	218	176	
yvzC	23	31	38	
rghRA	142	160	153	
rghRB	53	89	48	
yvaP	1657	3645	3055	
yvaQ	1228	3667	2004	
opuBD	3	3	9	
opuBC	4	4	3	
opuBB	2	3	3	
opuBA	1	2	5	
yvaV	35	139	124	
sdpA	1357	1270	1383	
sdpB	1627	1422	1512	
spbC	7881	6618	5952	
sdpI	599	620	697	
sdpR	43	103	69	
opuCD	17	29	44	
opuCC	15	30	29	
opuCB	6	8	14	
opuCA	13	21	30	
yvbF	98	117	135	
yvbG	198	440	784	
yvbH	496	799	525	
yvbI	1031	3394	1979	
yvbJ	12248	13336	10872	
yvbK	248	224	351	
eno	32760	41777	34967	
pgm	36386	49625	36981	
tpiA	22628	30351	21254	
pgk	55534	70092	55949	
gapA	76261	128790	74593	
cggR	2670	6032	2881	
araE	136	65	77	
araR	702	1032	723	
yvbT	359	423	274	
yvbU	13	34	26	
cyeB	91	197	126	
yvbW	198	405	279	
yvbX	1401	2823	2655	
yvbY	7060	7532	8280	
yvfW	9897	9052	10015	
yvfV	1079	986	1672	
yvfU	147	180	143	
yvfT	178	302	233	
yvfS	11	18	17	
yvfR	18	19	13	
rsbQ	439	756	573	
rsbP	1118	1492	983	
ganB	56	37	85	
ganA	1861	1443	1599	
ganQ	522	530	560	
ganP	918	1034	1020	
cycB	1412	1384	1393	
ganR	43	67	49	
yvfI	29	35	54	
yvfH	60107	41033	41724	
sigL	2732	3257	2646	
yvfG	464	632	382	
epsO	617	505	404	
epsN	686	600	477	
epsM	238	192	173	
epsL	360	324	312	
epsK	822	697	679	
epsJ	530	419	431	
epsI	418	351	395	
epsH	270	261	299	
epsG	283	272	284	
epsF	674	652	702	
epsE	711	836	585	
epsD	1114	1041	1032	
epsC	688	746	513	
epsB	267	410	240	
epsA	115	252	183	
slrR	35	76	82	
pnbA	1417	1220	1171	
padC	153	138	158	
yveG	51	51	94	
yveF	31	22	17	
racX	3568	2949	3220	
pbpE	4029	3600	5124	
sacB	39	52	33	
levB	3	13	6	
yveA	13	22	33	
yvdT	1494	1685	1642	
yvdS	141	69	72	
yvdR	106	32	50	
yvdQ	11	6	14	
yvdP	110	119	146	
cotR	27	25	28	
trnQ-Arg	9	12	
clpP	14698	17675	12919	
pgcM	19	11	30	
malL	67	47	88	
yvdK	145	91	164	
yvdJ	102	50	85	
mdxG	117	68	84	
mdxF	230	101	171	
mdxE	357	248	310	
mdxD	205	103	143	
mdxR	65	45	66	
yvdD	125	162	190	
yvdC	415	539	553	
yvdB	530	449	501	
yvdA	97	99	127	
yvcT	3175	2030	2870	
yvcS	1499	2403	2474	
yvcR	700	977	1115	
yvcQ	1016	1171	1289	
yvcP	293	538	435	
yvzJ	75	121	153	
yvcN	220	396	349	
crh	131	188	211	
whiA	1801	1730	1772	
yvcK	3381	3229	2406	
yvcJ	4551	4431	4415	
yvcI	176	419	332	
trxB	1498	1508	1374	
cwlO	11079	10249	8108	
yvcD	1341	1538	1274	
bmrA	785	925	844	
yvzA	280	288	270	
yvcB	725	678	615	
yvcA	316	425	528	
hisI	44	111	89	
hisF	40	68	68	
hisA	21	73	65	
hisH	18	57	37	
hisB	6	24	21	
hisD	7	29	20	
hisG	12	10	18	
hisZ	3	5	3	
yvpB	98	307	307	
pelC	46	58	49	
yvoF	2008	2515	2797	
hprP	3170	3878	4739	
yvoD	2195	2816	2910	
lgt	1724	1928	2271	
hprK	802	1196	1373	
nagA	1308	1767	1438	
nagBA	1857	2107	1865	
yvoA	1208	1464	1146	
yvnB	33	50	88	
yvnA	126	158	137	
cypX	788	734	646	
yvmC	215	211	242	
yvmB	92	139	104	
yvmA	256	294	212	
yvlD	989	1217	1063	
yvlC	793	864	872	
yvlB	7747	8548	8414	
yvlA	851	1297	1638	
yvkN	12	21	19	
yvzB	26	32	21	
uvrA	6431	7059	6650	
uvrB	1536	2867	3483	
csbA	1269	1470	2191	
yvkC	76	90	96	
yvkB	67	135	103	
yvkA	145	208	144	
minJ	4423	9026	5671	
swrAA	558	2494	1661	
ctpB	55	53	72	
ftsX	2080	1789	1551	
ftsE	131	298	355	
cccB	848	1691	1445	
yvjA	49	52	107	
prfB	4897	6231	6847	
secA	22484	27050	25362	
yvyD	250496	244137	209520	
yvzG	567	830	830	
fliT	4116	6453	5424	
fliS	2817	4233	3515	
fliD	18495	31724	26389	
yvyC	966	3154	2496	
hag	454366	563194	377104	
csrA	246	450	374	
yviF	655	1248	1124	
yviE	448	967	1017	
flgL	7641	13935	8275	
flgK	13918	28358	18248	
yvyG	6275	16261	10228	
flgM	2766	9474	4878	
yvyF	2044	9097	6310	
comFC	285	449	382	
comFB	122	174	141	
comFA	208	208	161	
yviA	2580	4636	3527	
degU	2411	2384	2378	
degS	1063	1559	1852	
yvyE	307	749	583	
yvhJ	544	948	785	
tagO	2462	4807	3193	
tuaH	137	167	225	
tuaG	98	154	207	
tuaF	118	151	241	
tuaE	118	166	245	
tuaD	138	209	365	
tuaC	81	144	194	
tuaB	88	150	256	
tuaA	20	54	144	
lytC	8509	15211	14563	
lytB	4209	9771	7285	
lytA	1318	3357	3392	
lytR	4662	6795	4722	
mnaA	1397	1890	1364	
gtaB	22329	35961	40565	
yvzH	21	15	17	
ggaB	877	994	748	
ggaA	77	92	43	
yvzI	6	20	11	
yvzE	90	138	65	
tagH	2256	2797	3551	
tagG	469	618	593	
tagF	9419	12533	12964	
tagE	4158	4264	3918	
tagD	1985	4248	3953	
tagA	2096	3608	2565	
tagB	448	897	586	
tagC	337	258	252	
lytD	14082	32807	16896	
yvyI	1051	1127	1114	
gerBA	15	15	5	
gerBB	17	20	19	
gerBC	39	53	56	
ywtG	2929	4897	10874	
ywtF	1550	2777	2338	
ywtE	2391	2179	2264	
pgdS	6625	12633	10076	
pgsE	32	36	36	
pgsC	66	70	79	
pgsB	146	168	151	
rbsR	15420	20059	15056	
rbsK	23614	24939	17992	
rbsD	17201	16439	12194	
rbsA	87794	88437	80121	
rbsC	54911	48768	43830	
rbsB	98626	73343	69125	
ywsB	72772	52271	60287	
ywsA	718	478	858	
ywrO	472	828	559	
alsD	336	760	430	
alsS	209	516	310	
alsR	767	1269	1013	
ywrK	117	141	106	
ywrJ	9	16	13	
cotB	17	17	27	
cotH	5	6	10	
cotG	992	1213	772	
ywrF	2310	1564	1368	
ywrE	31	129	67	
ywrD	3	6	1	
ywrC	375	713	833	
ywrB	274	519	368	
ywrA	163	290	266	
ywqO	16	4	11	
ywqN	31	38	40	
ywqM	87	74	84	
ywqL	296	265	323	
ywqK	597	389	618	
ywqJ	1104	695	1294	
ywqI	125	86	139	
ywqH	144	107	176	
ywqG	117	137	146	
ywqF	971	1118	1304	
ywqE	237	269	265	
ptkA	584	868	604	
ywqC	66	212	168	
ywzD	228	406	577	
ywqB	177	258	235	
ywqA	600	862	803	
ywpJ	192	104	92	
glcR	22	13	20	
ssbB	604	592	385	
ywpG	210	257	191	
ywpF	2545	3486	2751	
ywpE	15	8	11	
ywpD	14	26	25	
mscL	150	156	219	
fabZ	295	505	331	
rapD	1070	1366	1127	
flhP	3108	6292	3222	
flhO	1132	3487	2395	
mbl	1096	2336	1488	
spoIIID	0	1	0	
usd	0	0	0	
ywoH	31	63	42	
ywoG	93	169	94	
ywoF	803	1015	591	
pucI	0	1	3	
ywoD	36	35	38	
ywoC	57	70	52	
ywoB	6	11	6	
amtB	105	87	82	
glnK	844	459	654	
bcrC	94	321	194	
ywnJ	81	97	69	
spoIIQ	619	274	346	
ywnH	393	589	466	
ywnG	852	1148	801	
ywnF	793	782	853	
clsA	580	729	542	
mta	35	38	62	
ywnC	29	125	94	
ywnB	240	332	290	
ywnA	437	740	556	
ureC	471	373	463	
ureB	43	24	94	
ureA	26	28	69	
ywzE	7	20	11	
ywzF	2	0	0	
csbD	104	179	463	
ywmF	2	0	6	
rapB	2364	2679	2263	
moaA	1831	1871	1841	
fdhD	230	406	435	
ywmE	389	720	954	
ywmD	50	36	44	
ywmC	17	27	28	
spoIID	425	229	250	
murAA	8120	10318	8104	
ywmB	725	1571	1602	
ywzB	269	801	747	
ywmA	80	103	85	
atpC	9344	13347	8739	
atpD	85812	106475	74101	
atpG	28904	35492	24894	
atpA	58394	68896	51556	
atpH	23901	25114	21905	
atpF	25139	28868	24062	
atpE	7569	10345	7650	
atpB	11202	18213	14596	
atpI	2254	4038	3807	
upp	3404	4181	3504	
glyA	14372	16881	16721	
ywlG	1266	1373	1266	
ywlF	1023	1138	939	
ywlE	323	343	334	
ywlD	19	18	21	
ywlC	143	238	209	
ywlB	43	30	62	
spoIIR	153	123	258	
ywlA	37	95	70	
ywkF	33	39	38	
prmC	112	111	176	
prfA	4873	8710	5853	
ywkD	476	679	498	
racA	1362	1343	1016	
ywkB	245	401	511	
ywkA	222	272	276	
tdk	42	77	70	
rpmE	4672	8223	6527	
rho	1287	2558	1633	
glpX	8594	7801	7475	
murAB	3003	3153	2654	
ywjH	43486	43512	37621	
fbaA	69215	97207	69977	
spo0F	1332	1378	1114	
ywjG	684	1006	635	
pyrG	10999	16871	14915	
rpoE	4743	6839	7010	
acdA	538	335	434	
fadF	542	275	411	
clsB	4	3	5	
uvsE	21	16	5	
ywjC	7894	11674	18508	
ywjB	1011	1453	1341	
ywjA	1489	2481	2581	
ywiE	2328	4013	6301	
narI	1628	5329	1059	
narJ	735	3040	746	
narH	1086	4169	1080	
narG	2771	7381	4963	
arfM	3122	2380	1177	
ywiC	1103	1348	921	
fnr	1438	2393	1580	
narK	1388	2307	1747	
argS	15630	15601	11090	
ywiB	399	1075	869	
sboA	2099	3114	1372	
sboX	41	225	117	
albA	3712	12591	6821	
albB	682	1936	870	
albC	642	1782	938	
albD	315	851	339	
albE	310	703	347	
albF	251	629	217	
albG	104	319	102	
ywhL	171	173	194	
ywhK	214	208	228	
rapF	7911	6458	5875	
phrF	222	199	172	
ywhH	432	405	465	
speB	479	808	600	
speE	261	505	366	
pbpG	12	15	18	
ywhD	390	508	482	
ywhC	332	500	427	
ywhB	920	1101	892	
ywhA	132	199	222	
thrZ	79	128	128	
mmr	104	127	123	
ywgB	12	13	16	
ywgA	2382	2168	2418	
ywfO	3678	3334	3094	
ywzC	44	135	120	
rsfA	208	76	86	
ywfM	68	48	62	
ywfL	1909	2042	1618	
cysL	699	777	592	
eutD	24599	33085	23158	
ywfI	4020	7467	4326	
ywfH	1461	1560	1320	
ywfG	661	784	1017	
bacE	1486	1835	1886	
bacD	2336	2926	2897	
bacC	1177	1665	1655	
bacB	721	1353	1014	
bacA	260	699	477	
ywfA	8	19	7	
rocC	226	171	216	
rocB	371	225	318	
rocA	2500	1508	2496	
rocG	709	521	883	
yweA	15409	15223	11875	
spsL	9	8	18	
spsK	37	47	54	
spsJ	62	57	47	
spsI	49	75	74	
spsG	33	26	29	
spsF	35	35	46	
spsE	58	73	65	
spsD	18	14	16	
spsC	13	16	10	
spsB	52	47	55	
spsA	38	37	38	
ywdL	15	15	13	
ywdK	912	1298	1263	
ywdJ	1158	1152	1223	
ywdI	183	239	408	
ywdH	356	337	276	
ung	343	467	667	
ywdF	251	363	480	
ywdE	29	24	24	
ywdD	37	38	25	
ywzG	5	9	15	
thiD	1603	2355	1876	
ywdA	200	213	179	
sacA	1057	936	959	
sacP	487	384	448	
ywcJ	17	539	232	
sacT	125	201	206	
ywcI	17	10	13	
vpr	2019	1251	1434	
ywcH	45	36	49	
nfrA	5397	5142	5122	
rodA	1033	1470	1082	
ywcE	417	99	88	
qoxD	5114	9700	4984	
qoxC	8364	17102	10905	
qoxB	31034	58415	35560	
qoxA	28168	55706	35919	
ywzA	2309	3225	6260	
galT	5753	5035	5828	
galK	2034	1815	2533	
ywcD	253	260	212	
ywcC	117	208	220	
slrA	188	193	111	
ywcB	19	24	13	
ywcA	180	121	131	
ywbO	328	494	316	
efeN	4064	5249	4609	
efeM	4821	5573	5673	
efeU	1870	2872	2221	
thiE	1559	1496	1321	
thiM	1391	1374	1116	
ywbI	1003	1057	839	
ywbH	52	145	78	
lrgB	63	327	199	
ywbF	354	372	340	
ywbE	104	123	93	
ywbD	942	1132	837	
ywbC	743	830	746	
ywbB	89	74	126	
ywbA	194	152	128	
epr	6229	15732	8346	
sacX	44	39	47	
sacY	147	141	119	
gspA	31709	32731	62820	
ywaF	1	2	1	
ywaE	42	44	59	
tyrZ	118	102	71	
ywaD	337	136	154	
ywaC	922	529	649	
menA	1206	1614	1237	
ywzH	71	155	124	
dltA	5475	7882	5361	
dltB	3610	4757	3652	
dltC	942	1175	1166	
dltD	2915	4644	3528	
dltE	2024	3421	3467	
ywaA	4809	8563	5836	
licH	58570	26898	38280	
licA	12804	6333	11079	
licC	32929	19559	31294	
licB	12781	7443	13666	
licR	2547	1432	1520	
yxzF	9	7	15	
yxlJ	58	55	119	
katX	213	164	465	
yxlH	340	374	282	
yxlG	514	274	377	
yxlF	566	372	511	
yxlE	154	87	163	
yxlD	41	42	58	
yxlC	91	74	62	
sigY	110	86	104	
yxlA	13	33	21	
yxkO	146	157	232	
cydD	165	590	290	
cydC	184	1019	703	
cydB	284	2361	2303	
cydA	765	6132	4438	
cimH	2375	3364	2829	
yxkI	1647	2136	1810	
yxzE	274	297	299	
yxkH	86	349	247	
msmX	10898	11646	10536	
yxkF	300	284	319	
aldY	282	358	696	
yxkD	40	64	70	
yxkC	18940	43107	25785	
galE	5491	4890	4764	
yxkA	10	34	30	
yxjO	36	76	73	
yxjN	95	170	124	
yxjM	143	127	121	
yxjL	114	109	98	
pepT	21648	15156	12527	
yxjJ	374	686	807	
yxjI	660	837	673	
yxjH	666	690	662	
yxjG	3185	3090	2273	
yxjF	32	34	37	
scoB	17	15	11	
scoA	6	0	4	
yxjC	2	5	0	
yxjB	536	663	525	
yxjA	2914	1488	1277	
yxiT	625	518	459	
yxiS	394	588	968	
katE	3124	4594	9195	
citH	17	30	25	
bglS	1189	725	759	
licT	4541	2953	2883	
yxiP	124	183	194	
yxiO	712	481	416	
deaD	1203	2400	1703	
yxiM	85	233	179	
yxzI	21	72	43	
yxzJ	13	34	25	
yxiK	121	222	152	
yxiJ	76	119	100	
yxiI	219	364	307	
yxzG	115	209	188	
yxiH	107	199	171	
yxiG	127	187	256	
yxzC	60	90	119	
yxiF	184	339	362	
yxxG	6951	9060	9090	
wapA	144463	182097	156118	
yxxF	427	527	393	
yxiE	9392	14139	14169	
bglH	438	363	597	
bglP	825	604	860	
yxxE	1145	834	877	
yxxD	1100	906	1128	
yxiD	1619	1652	1950	
yxiC	116	127	119	
yxiB	296	313	419	
abnB	665	579	519	
yxzL	4	7	3	
hutP	763	1542	1769	
hutH	275	134	274	
hutU	363	221	449	
hutI	363	265	433	
hutG	204	166	267	
hutM	189	112	164	
pdp	23795	18017	18902	
nupC	22786	16608	17863	
deoC	4194	4565	5210	
deoR	705	1045	1043	
yxxB	379	665	1099	
yxeR	351	421	413	
yxeQ	30	30	37	
yxeP	39	43	42	
yxeO	47	49	51	
yxeN	59	37	43	
yxeM	84	93	86	
yxeL	19	31	20	
yxeK	85	147	122	
yxeJ	5	5	13	
yxeI	728	377	462	
yxeH	2399	2488	2077	
yxeG	139	97	114	
yxeF	64	54	66	
yxeE	12	10	11	
yxeD	6	4	7	
yxeC	235	368	328	
yxeB	12808	23023	20484	
yxeA	24	21	24	
yxdM	65	78	75	
yxdL	8	8	28	
yxdK	359	309	252	
yxdJ	83	113	102	
iolJ	1533	490	825	
iolI	1344	461	746	
iolH	2503	1065	1480	
iolG	4113	1867	2244	
iolF	2258	1160	1596	
iolE	1000	549	816	
iolD	2133	1333	1879	
iolC	818	634	954	
iolB	527	342	460	
mmsA	1164	862	1037	
iolR	3061	2288	1918	
iolS	22073	15192	14318	
yxcE	1487	2511	1670	
yxcD	717	938	628	
csbC	4163	8543	12500	
htpG	14973	10344	10186	
yxcA	112	156	145	
yxbG	847	1414	2114	
yxbF	87	106	56	
aldX	277	208	182	
yxbD	733	710	834	
yxbC	2610	2577	2411	
yxbB	1016	1332	1249	
aslA	319	340	320	
yxnB	282	322	328	
asnH	798	830	821	
yxaM	446	418	495	
yxaL	2736	4277	3968	
yxaJ	246	321	304	
yxaI	844	3913	2784	
yxaH	62	91	73	
qodI	46	62	49	
yxaF	64	113	90	
yxnA	1216	1785	3019	
yxaD	120	319	267	
yxzK	22	81	47	
yxaC	112	229	168	
yxaB	562	563	1100	
glxK	121	80	112	
gntR	152	198	205	
gntK	323	412	431	
gntP	1197	2005	1294	
gntZ	3516	6283	4119	
ahpC	22564	27336	17243	
ahpF	45852	51410	37740	
bglA	2154	1079	1397	
yyzE	26	23	59	
yydK	448	655	410	
yyzN	155	125	123	
yydJ	1122	1813	1541	
yydI	1919	2779	2129	
yydH	663	941	686	
yydG	195	178	224	
yydF	435	553	519	
fbp	1711	1190	1508	
yydD	5402	4669	5600	
yydC	355	346	528	
yydB	3263	3870	5055	
yydA	498	849	653	
yyzF	57	131	104	
yycS	2	9	9	
yycR	1743	871	1183	
yyzG	32	30	21	
yycQ	3	5	7	
yycP	16	28	26	
yycO	25	40	45	
yycN	255	182	163	
rapG	1477	1194	1551	
phrG	483	325	394	
argI	2267	1095	1925	
rocE	2160	1052	1859	
rocD	2005	1019	1975	
rocR	1448	1579	1174	
yyzO	18	15	20	
htrC	702	779	1458	
yycJ	548	534	840	
yycI	1118	1064	1229	
walH	1129	1144	1497	
walK	3050	2939	3552	
walR	1643	2019	1794	
trnY-Phe	1	0	
trnY-Asp	2	16	
trnY-Glu	0	0	
trnY-Lys	1	14	
purA	7623	10896	9146	
yycE	35	24	38	
dnaC	425	720	496	
yycD	62	90	200	
yyzB	0	3	2	
yycC	1169	1472	1064	
yycB	7103	8290	6910	
yycA	931	1119	917	
rplI	2386	2023	2240	
yybT	685	618	925	
yybS	344	388	674	
yyzH	359	568	1501	
cotF	9	12	5	
yybR	165	286	256	
ppaC	37689	42411	31393	
yybP	0	2	1	
yybO	185	529	786	
yyzI	1	3	1	
yyzJ	1	3	2	
yyzK	7	9	6	
yyzL	17	19	10	
yybN	18790	24552	18694	
yybM	1107	1316	1189	
yybL	828	906	860	
yybK	518	634	628	
yybJ	1663	1434	1752	
yybI	23	13	28	
yybH	19	14	29	
yybG	886	1377	1035	
yybF	39	70	56	
yybE	30	58	63	
yybD	54	68	50	
yybC	35	75	54	
yybB	1158	1044	929	
yybA	330	549	524	
yyaT	200	188	144	
yyaS	172	106	127	
yyaR	86	45	40	
yyaQ	549	503	491	
yyaP	1280	1053	1048	
tetB	243	212	302	
yyaO	74	82	77	
yyaN	7	23	11	
yyaM	52	52	72	
yyaL	3663	2954	2877	
yyaK	455	767	577	
yyaJ	334	286	234	
maa	43	51	76	
yyaH	33	17	16	
ccpB	46	96	101	
exoAA	55	99	118	
rpsR	2994	4079	4492	
ssbA	3979	5891	7082	
rpsF	2812	4306	5122	
yyaF	2209	3218	3254	
yyaE	183	198	291	
yyzM	279	365	412	
yyaD	3	5	6	
yyaC	19	23	32	
parB	7827	9760	9816	
parA	5624	6908	5965	
yyaB	245	306	318	
noc	12758	14208	13295	
gidB	690	783	959	
gidA	3100	2598	2385	
trmE	973	954	856	
jag	2933	3805	2530	
spoIIIJ	4868	7243	5304	
rnpA	802	1003	916	
rpmH	1280	1978	1725	
